1 37.93285470407885 -121.9766817024401
2 37.94816353521348 -121.98386105031777
3 37.94723224191495 -121.99233884547584
4 37.92760581658783 -122.0147354089148
5 37.92504587686253 -122.01245005175704
6 37.91792957308907 -122.00978161496396
7 37.91933828737109 -121.9999245253294
8 37.91039663983943 -122.00667517117158
9 37.91857828363696 -122.03899903835365
10 37.90093880096301 -122.0625685248406
11 37.89102615954471 -122.05604713941597
12 37.93346482810445 -122.04643234977108
13 37.9421901504718 -122.05744425977942
14 37.94811073493908 -122.05781349172906
15 37.96926564577163 -122.05830580084023
16 37.977415452734185 -122.03221340526378
17 37.96664587280578 -121.99799790540409
18 37.95577766833947 -122.00181330255137
19 37.92104286766201 -122.01686406654575
20 37.92791841943605 -121.96617038055561
