  0.17669418089344180     
 -0.12278250625409048     
 -0.17800325707465819     
  0.12088468032493771     
  0.17929209911344060     
 -0.11897311308632813     
 -0.18056056050340580     
  0.11704802183161023     
  0.18180849705489768     
 -0.11510962539144642     
 -0.18303576691137743     
  0.11315814410893776     
  0.18424223056554911     
 -0.11119379981457694     
 -0.18542775087521748     
  0.10921681580103232     
  0.18659219307887762     
 -0.10722741679776548     
 -0.18773542481103364     
  0.10522582894548560     
  0.18885731611724488     
 -0.10321227977044334     
 -0.18995773946889830     
  0.10118699815856746     
  0.19103656977770503     
  -9.9150214329446484E-002
 -0.19209368440991961     
   9.7102159810159072E-002
  0.19312896320027995     
  -9.5043067408955684E-002
 -0.19414228846566697     
   9.2973171188794557E-002
  0.19513354501848187     
  -9.0892706440735160E-002
 -0.19610262017974003     
   8.8801909657191980E-002
  0.19704940379187930     
  -8.6701018505051575E-002
 -0.19797378823128217     
   8.4590271798656524E-002
  0.19887566842050952     
  -8.2469909472658587E-002
 -0.19975494184024503     
   8.0340172554744682E-002
  0.20061150854094897     
  -7.8201303138238532E-002
 -0.20144527115421984     
   7.6053544354581337E-002
  0.20225613490386213     
  -7.3897140345694112E-002
 -0.20304400761666019     
   7.1732336236225658E-002
  0.20380879973285568     
  -6.9559378105688241E-002
 -0.20455042431632806     
   6.7378512960485248E-002
  0.20526879706447693     
  -6.5189988705833146E-002
 -0.20596383631780485     
   6.2994054117581411E-002
  0.20663546306919994     
  -6.0790958813933482E-002
 -0.20728360097291681     
   5.8580953227071852E-002
  0.20790817635325490     
  -5.6364288574690891E-002
 -0.20850911821293350     
   5.4141216831440075E-002
  0.20908635824116228     
  -5.1911990700281296E-002
 -0.20963983082140619     
   4.9676863583763442E-002
  0.21016947303884442     
  -4.7436089555217442E-002
 -0.21067522468752209     
   4.5189923329874870E-002
  0.21115702827719401     
  -4.2938620235913938E-002
 -0.21161482903985973     
   4.0682436185435378E-002
  0.21204857493598928     
  -3.8421627645372380E-002
 -0.21245821666043851     
   3.6156451608337137E-002
  0.21284370764805388     
  -3.3887165563407817E-002
 -0.21320500407896556     
   3.1614027466858985E-002
  0.21354206488356867     
  -2.9337295712838996E-002
 -0.21385485174719157     
   2.7057229103997549E-002
  0.21414332911445150     
  -2.4774086822066999E-002
 -0.21440746419329604     
   2.2488128398400253E-002
  0.21464722695873073     
  -2.0199613684469098E-002
 -0.21486259015623210     
   1.7908802822326320E-002
  0.21505352930484578     
  -1.5615956215034310E-002
 -0.21522002269996932     
   1.3321334497064630E-002
  0.21536205141581941     
  -1.1025198504670652E-002
 -0.21547959930758323     
   8.7278092462377832E-003
  0.21557265301325371     
  -6.4294278726137466E-003
 -0.21564120195514833     
   4.1303156474228331E-003
  0.21568523834111164     
  -1.8307339173673221E-003
 -0.21570475716540091     
  -4.6905591748047648E-004
  0.21569975620925524     
   2.7687924333924530E-003
 -0.21567023604114771     
  -5.0682142127013718E-003
  0.21561620001672074     
   7.3670598735169901E-003
 -0.21553765427840474     
  -9.6650680994381788E-003
  0.21543460775471979     
   1.1961977669257384E-002
 -0.21530707215926076     
  -1.4257527486654431E-002
  0.21515506198936576     
   1.6551456609876225E-002
 -0.21497859452446821     
  -1.8843504281398527E-002
  0.21477768982413264     
   2.1133409957567184E-002
 -0.21455237072577443     
  -2.3420913338214833E-002
  0.21430266284206384     
   2.5705754396249947E-002
 -0.21402859455801454     
  -2.7987673407214808E-002
  0.21373019702775703     
   3.0266410978809277E-002
 -0.21340750417099719     
  -3.2541708080376541E-002
  0.21306055266916057     
   3.4813306072347894E-002
 -0.21268938196122278     
  -3.7080946735643106E-002
  0.21229403423922621     
   3.9344372301022890E-002
 -0.21187455444348402     
  -4.1603325478390241E-002
  0.21143099025747164     
   4.3857549486037373E-002
 -0.21096339210240644     
  -4.6106788079834815E-002
  0.21047181313151625     
   4.8350785582359501E-002
 -0.20995630922399716     
  -5.0589286911958187E-002
  0.20941693897866173     
   5.2822037611743533E-002
 -0.20885376370727776     
  -5.5048783878518748E-002
  0.20826684742759888     
   5.7269272591628229E-002
 -0.20765625685608746     
  -5.9483251341730548E-002
  0.20702206140033072     
   6.1690468459490500E-002
 -0.20636433315115099     
  -6.3890673044186996E-002
  0.20568314687441097     
   6.6083614992233919E-002
 -0.20497858000251487     
  -6.8269045025609820E-002
  0.20425071262560637     
   7.0446714720194259E-002
 -0.20349962748246464     
  -7.2616376534006877E-002
  0.20272540995109914     
   7.4777783835346057E-002
 -0.20192814803904446     
  -7.6930690930824497E-002
  0.20110793237335628     
   7.9074853093297648E-002
 -0.20026485619030945     
  -8.1210026589682682E-002
  0.19939901532479964     
   8.3335968708664332E-002
 -0.19851050819944949     
  -8.5452437788284596E-002
  0.19759943581342060     
   8.7559193243413047E-002
 -0.19666590173093271     
  -8.9655995593094950E-002
  0.19571001206949118     
   9.1742606487773715E-002
 -0.19473187548782442     
  -9.3818788736384717E-002
  0.19373160317353222     
   9.5884306333317570E-002
 -0.19270930883044682     
  -9.7938924485243495E-002
  0.19166510866570785     
   9.9982409637805081E-002
 -0.19059912137655272     
 -0.10201452950216489     
  0.18951146813682393     
  0.10403505308141053     
 -0.18840227258319495     
 -0.10604375069681277     
  0.18727166080111607     
  0.10804039401393362     
 -0.18611976131048188     
 -0.11002475606858192     
  0.18494670505102206     
  0.11199661129261296     
 -0.18375262536741707     
 -0.11395573553956939     
  0.18253765799414051     
  0.11590190611016071     
 -0.18130194104002972     
 -0.11783490177757810     
  0.18004561497258667     
  0.11975450281264188     
 -0.17876882260201052     
 -0.12166049100877874     
  0.17747170906496396     
  0.12355264970682595     
 -0.17615442180807517     
 -0.12543076381965967     
  0.17481711057117713     
  0.12729461985664442     
 -0.17345992737028623     
 -0.12914400594790126     
  0.17208302648032223     
  0.13097871186839161     
 -0.17068656441757127     
 -0.13279852906181411     
  0.16927069992189434     
  0.13460325066431195     
 -0.16783559393868283     
 -0.13639267152798745     
  0.16638140960056327     
  0.13816658824422201     
 -0.16490831220885385     
 -0.13992479916679812     
  0.16341646921477390     
  0.14166710443482095     
 -0.16190605020040930     
 -0.14339330599543720     
