   5.1728233992833460E-002
   7.5824287799138149E-002
   9.7852727488284233E-002
  0.11721287069051561     
  0.13337679546212497     
  0.14590373592167066     
  0.15445210127165554     
  0.15878879046504996     
  0.15027445436600856     
  0.13341900440763846     
  0.11726031560414749     
   9.7912657088214866E-002
   7.5886556333669017E-002
   5.1799621463401835E-002
   2.6291747221923675E-002
   7.5339462233645570E-005
  -2.6151484012846032E-002
  -5.1656878679191311E-002
  -7.5761938654117622E-002
  -9.7792863275001279E-002
 -0.11716529354626824     
 -0.13333468715068764     
 -0.14587630370088611     
 -0.15443209310726286     
 -0.15878469070652057     
 -0.15032563773459340     
 -0.13346135883520222     
 -0.11730758678425873     
  -9.7972690429122503E-002
  -7.5948708764324524E-002
  -5.1871073909206304E-002
  -2.6361807751576035E-002
  -1.5070716999141833E-004
   2.6081338126807695E-002
   5.1585530884788136E-002
   7.5699532120921370E-002
   9.7733042455740188E-002
  0.11711760522177189     
  0.13329265916901159     
  0.14584871041701195     
  0.15441220398216787     
  0.15878038466660027     
  0.15037672024853813     
  0.13350386253943594     
  0.11735468222562974     
   9.8032827966959085E-002
   7.6010745857200981E-002
   5.1942589563569314E-002
   2.6431813187799375E-002
   2.2610022345281736E-004
  -2.6011188466954240E-002
  -5.1514193583509747E-002
  -7.5637065602486800E-002
  -9.7673267053494300E-002
 -0.11706980456318120     
 -0.13325071160188864     
 -0.14582095732437195     
 -0.15439243109662323     
 -0.15877587693111284     
 -0.15042769676380174     
 -0.13354651925086006     
 -0.11740160001894934     
  -9.8093070048636710E-002
  -7.6072668485126310E-002
  -5.2014166567708242E-002
  -2.6501766035984455E-002
  -3.0151568449341792E-004
   2.5941031991459133E-002
   5.1442869721029579E-002
   7.5574536560710517E-002
   9.7613539007001288E-002
  0.11702189051805037     
  0.13320884442641814     
  0.14579304577788274     
  0.15437277157333987     
  0.15877117212204470     
  0.15047856215431149     
  0.13358933263293188     
  0.11744833835287527     
   9.8153416911113886E-002
   7.6134477627372008E-002
   5.2085802972124992E-002
   2.6571668867534575E-002
   3.7695057953520295E-004
  -2.5870865656411942E-002
  -5.1371562211877789E-002
  -7.5511942518878439E-002
  -9.7553860169121709E-002
 -0.11697386213591619     
 -0.13316705751258628     
 -0.14576497723132262     
 -0.15435322246019675     
 -0.15876627489421907     
 -0.15052931131537170     
 -0.13363230627912839     
 -0.11749489551602046     
  -9.8213868680574426E-002
  -7.6196174369270106E-002
  -5.2157496738080046E-002
  -2.6641524317531005E-002
  -4.5240190243147032E-004
   2.5800686418895147E-002
   5.1300273936542198E-002
   7.5449281064036311E-002
   9.7494232305297648E-002
  0.11692571856878856     
  0.13312535062393849     
  0.14573675323552079     
  0.15433378073300380     
  0.15876118993195246     
  0.15057993916705206     
  0.13367544371008189     
  0.11754126989885930     
   9.8274425371699059E-002
   7.6257759901734695E-002
   5.2229245739152330E-002
   2.6711335082332879E-002
   5.2786661738724603E-004
  -2.5730491240063526E-002
  -5.1229007738600757E-002
  -7.5386549849297990E-002
  -9.7434657092096283E-002
 -0.11687745907154599     
 -0.13308372341834421     
 -0.14570837543646836     
 -0.15431444329831900     
 -0.15875592194568933     
 -0.15063044065755976     
 -0.13371874837076864     
 -0.11758745999555463     
  -9.8335086887032269E-002
  -7.6319235520687825E-002
  -5.2301047762880311E-002
  -2.6781103917119062E-002
  -6.0334166190781813E-004
   2.5660277088219104E-002
   5.1157766421891016E-002
   7.5323746596090424E-002
   9.7375136115837396E-002
  0.11682908300223666     
  0.13304217544885441     
  0.14567984557335198     
  0.15429520699631408     
  0.15875047566862399     
  0.15068081076658879     
  0.13376222362775256     
  0.11763346440570462     
   9.8395853016441159E-002
   7.6380602626393040E-002
   5.2372900512486352E-002
   2.6850833633369809E-002
   6.7882394977826488E-004
  -2.5590040941881453E-002
  -5.1086552747716646E-002
  -7.5260869096330577E-002
  -9.7315670871306520E-002
 -0.11678058982228579     
 -0.13300070616464874     
 -0.14565116547651399     
 -0.15427606860368914     
 -0.15874485585330853     
 -0.15073104450864366     
 -0.13380587276649059     
 -0.11767928183600372     
  -9.8456723436674221E-002
  -7.6441862722692058E-002
  -5.2444801608680765E-002
  -2.6920527096293424E-002
  -7.5431037406630517E-004
   2.5519779792849612E-002
   5.1015369432094886E-002
   7.5197915214537045E-002
   9.7256262760555351E-002
  0.11673197909660661     
  0.13295931491207461     
  0.14562233706533792     
  0.15425702483663167     
  0.15873906726825027     
  0.15078113693633827     
  0.13384969898869309     
  0.11772491110182336     
   9.8517697711009239E-002
   7.6503017416151439E-002
   5.2516748591543802E-002
   2.6990187222198009E-002
   8.2979781014897802E-004
  -2.5449490649252601E-002
  -5.0944219143048107E-002
  -7.5134882889868596E-002
  -9.7196913091789877E-002
 -0.11668325049361880     
 -0.13291800093577238     
 -0.14559336234606440     
 -0.15423807235381801     
 -0.15873311469450407     
 -0.15083108314366067     
 -0.13389370540975429     
 -0.11777035112870100     
  -9.8578775289004786E-002
  -7.6564068415111916E-002
  -5.2588738922485889E-002
  -2.7059816975811498E-002
  -9.0528311875848623E-004
   2.5379170538587660E-002
   5.0873104497939581E-002
   7.5071770138094823E-002
   9.7137623078347862E-002
  0.11663440378517023     
  0.13287676337989293     
  0.14556424340953728     
  0.15421920775945547     
  0.15872700292225811     
  0.15088087826920968     
  0.13393789505624012     
  0.11781560095374886     
   9.8639955506340665E-002
   7.6625017528651529E-002
   5.2660769986282364E-002
   2.7129419367553705E-002
   9.8076314904662070E-004
  -2.5308816510739216E-002
  -5.0802028060858630E-002
  -7.5008575053488541E-002
  -9.7078393837764329E-002
 -0.11658543884636628     
 -0.13283560128939617     
 -0.14553498242888274     
 -0.15420042760636038     
 -0.15872073674742090     
 -0.15093051749939121     
 -0.13398227086345108     
 -0.11786065972696691     
  -9.8701237584762652E-002
  -7.6685866665451213E-002
  -5.2732839093182979E-002
  -2.7198997450760175E-002
  -1.0562347416621422E-003
   2.5238425640980850E-002
   5.0730992340055479E-002
   7.4945295810647655E-002
   9.7019226390930580E-002
  0.11653635565530245     
  0.13279451361144132     
  0.14550558165712360     
  0.15418172839907221     
  0.15871432096820726     
  0.15097999607157986     
  0.13402683567304680     
  0.11790552671247201     
   9.8762620632116646E-002
   7.6746617832574693E-002
   5.2804943481092381E-002
   2.7268554318860525E-002
   1.1316947318419132E-003
  -2.5167995032955907E-002
  -5.0659999785428476E-002
  -7.4881930666237537E-002
  -9.6960121661339937E-002
 -0.11648715429270701     
 -0.13275349919685508     
 -0.14547604342473119     
 -0.15416310659699875     
 -0.15870776038173154     
 -0.15102930927723821     
 -0.13407159223074872     
 -0.11795020128963263     
  -9.8824103642486158E-002
  -7.6807273134157292E-002
  -5.2877080317820194E-002
  -2.7338093102519799E-002
  -1.2071399525071099E-003
   2.5097521821628156E-002
   5.0589052786069136E-002
   7.4818477960654384E-002
   9.6901080474431356E-002
  0.11643783494148456     
  0.13271255680168886     
  0.14544637013711575     
  0.15414455861759088     
  0.15870105978060539     
  0.15107845246499205     
  0.13411654318411062     
  0.11799468295411292     
   9.8885685496422640E-002
   7.6867834770004848E-002
   5.2949246703402439E-002
   2.7407616966731888E-002
   1.2825672373725765E-003
  -2.5027003176214032E-002
  -5.0518153667858737E-002
  -7.4754936119612356E-002
  -9.6842103557017389E-002
 -0.11638839788617389     
 -0.13267168508885094     
 -0.14541656427206032     
 -0.15412608083954307     
 -0.15869422394954841     
 -0.15112742104366128     
 -0.13416169108036877     
 -0.11803897131882377     
  -9.8947364961274958E-002
  -7.6928305034108760E-002
  -5.3021439672484044E-002
  -2.7477129107886442E-002
  -1.3579734240502903E-003
   2.4956436303073766E-002
   5.0447304691132185E-002
   7.4691303655644387E-002
   9.6783191536813876E-002
  0.11633884351230528     
  0.13263088262982436     
  0.14538662837709551     
  0.15410766960601896     
  0.15868725766200834     
  0.15117621048524052     
  0.13420703836436468     
  0.11808306611478024     
   9.9009140691613734E-002
   7.6988686313070848E-002
   5.3093656196770776E-002
   2.7546632750790553E-002
   1.4333553571629835E-003
  -2.4885818448581346E-002
  -5.0376508048395240E-002
  -7.4627579169525601E-002
  -9.6724344942053508E-002
 -0.11628917230567475     
 -0.13259014790645721     
 -0.14535656506682537     
 -0.15408932122789565     
 -0.15868016567680221     
 -0.15122481632783014     
 -0.13425258737655141     
 -0.11812696719186351     
  -9.9071011229754466E-002
  -7.7048981084446994E-002
  -5.3165893187538470E-002
  -2.7616131145669579E-002
  -1.5087098914463141E-003
   2.4815146901947718E-002
   5.0305765862113772E-002
   7.4563761351608221E-002
   9.6665564201202453E-002
  0.11623938485151900     
  0.13254947931283562     
  0.14532637702019616     
  0.15407103198702954     
  0.15867295273476942     
  0.15127323417851254     
  0.13429834035107527     
  0.11817067451948922     
   9.9132975006373816E-002
   7.7109191915004524E-002
   5.3238147498206906E-002
   2.7685627565128625E-002
   1.5840338948551439E-003
  -2.4744418998017000E-002
  -5.0235080182559906E-002
  -7.4499848983075573E-002
  -9.6606849642760090E-002
 -0.11618948183360792     
 -0.13250887515722409     
 -0.14529606697772254     
 -0.15405279813953218     
 -0.15866562355545361     
 -0.15132145971617406     
 -0.13434429941394452     
 -0.11821418818717770     
  -9.9195030341225121E-002
  -7.7169321458899737E-002
  -5.3310415926966531E-002
  -2.7755125301097767E-002
  -1.6593242516527449E-003
   2.4673632120011422E-002
   5.0164452985735047E-002
   7.4435840937105882E-002
   9.6548201495163258E-002
  0.11613946403324085     
  0.13246833366408656     
  0.14526563773866180     
  0.15403461591906534     
  0.15865818283380190     
  0.15136948869426703     
  0.13439046658127754     
  0.11825750840502992     
   9.9257175443945550E-002
   7.7229372455772632E-002
   5.3382695219465738E-002
   2.7824627661743522E-002
   1.7345778654985974E-003
  -2.4602783702244075E-002
  -5.0093886171353109E-002
  -7.4371736179952963E-002
  -9.6489619886773542E-002
 -0.11608933232816121     
 -0.13242785297617082     
 -0.14523509215814914     
 -0.15401648154013839     
 -0.15865063523689693     
 -0.15141731694351321     
 -0.13443684375763923     
 -0.11830063550410413     
  -9.9319408414960536E-002
  -7.7289347728764890E-002
  -5.3454982071545559E-002
  -2.7894137968369748E-002
  -1.8097916625131358E-003
   2.4531871232775612E-002
   5.0023381560904724E-002
   7.4307533771934983E-002
   9.6431104845969159E-002
  0.11603908769137763     
  0.13238743115666943     
  0.14520443314428755     
  0.15399839120141931     
  0.15864298540071359     
  0.15146494037454267     
  0.13448343273446178     
  0.11834356993669747     
   9.9381727246481075E-002
   7.7349250182457849E-002
   5.3527273132032135E-002
   2.7963659552289955E-002
   1.8849625943366476E-003
  -2.4460892256033338E-002
  -4.9952940895784677E-002
  -7.4243232868337700E-002
  -9.6372656301318679E-002
 -0.11598873118990580     
 -0.13234706619144007     
 -0.14517366365520315     
 -0.15398034108904368     
 -0.15863523792691292     
 -0.15151235498047050     
 -0.13453023518855492     
 -0.11838631227652835     
  -9.9444129823593561E-002
  -7.7409082800738577E-002
  -5.3599565005569026E-002
  -2.8033195751695557E-002
  -1.9600876411581388E-003
   2.4389844375369219E-002
   4.9882565835504704E-002
   7.4178832720223992E-002
   9.6314274081860635E-002
  0.11593826398341762     
  0.13230675599129876     
  0.14514278669606062     
  0.15396232737992949     
  0.15862739737966669     
  0.15155955683940206     
  0.13457725268070417     
  0.11842886321882040     
   9.9506613925444021E-002
   7.7468848644585767E-002
   5.3671854255505691E-002
   2.8102749908498374E-002
   2.0351638147338919E-003
  -2.4318725255577173E-002
  -4.9812257955971544E-002
  -7.4114332675157601E-002
  -9.6255957917463053E-002
 -0.11588768732281586     
 -0.13226649839436821     
 -0.14511180531604870     
 -0.15394434624508671     
 -0.15861946828252335     
 -0.15160654211687558     
 -0.13462448665435980     
 -0.11847122358029104     
  -9.9569177226510541E-002
  -7.7528550849792446E-002
  -5.3744137406817702E-002
  -2.8172325365178559E-002
  -2.1101881613698908E-003
   2.4247532625342447E-002
   4.9742018747855089E-002
   7.4049732177830521E-002
   9.6197707439288807E-002
  0.11583700254871723     
  0.13222629116849405     
  0.14508072260533308     
  0.15392639385292453     
  0.15861145511531205     
  0.15165330706822597     
  0.13467193843441844     
  0.11851339429903786     
   9.9631817297971076E-002
   7.7588192624607533E-002
   5.3816410949081440E-002
   2.8241925461609217E-002
   2.1851577648894123E-003
  -2.4176264279647090E-002
  -4.9671849615023835E-002
  -7.3985030770603241E-002
  -9.6139522180340428E-002
 -0.11578621108986351     
 -0.13218613201371360     
 -0.14504954169198137     
 -0.15390846637254954     
 -0.15860336231109021     
 -0.15169984804088429     
 -0.13471960922609380     
 -0.11855537643433137     
  -9.9694531609153744E-002
  -7.7647777247320970E-002
  -5.3888671339471707E-002
  -2.8311553531893251E-002
  -2.2600697495575254E-003
   2.4104918082103282E-002
   4.9601751873073266E-002
   7.3920228093949630E-002
   9.6081401576108033E-002
  0.11573531446144616     
  0.13214601856478517     
  0.14501826573886437     
  0.15389055997705445     
  0.15859519425313723     
  0.15174616147659295     
  0.13476750011388547     
  0.11859717116630517     
   9.9757317529083039E-002
   7.7707308063770408E-002
   5.3960915005811474E-002
   2.8381212901182683E-002
   2.3349212829863876E-003
  -2.4033491967236694E-002
  -4.9531726747926032E-002
  -7.3855323886810750E-002
  -9.6023344965298948E-002
 -0.11568431426335901     
 -0.13210594839376885     
 -0.14498689794053332     
 -0.15387267084679387     
 -0.15858695527199493     
 -0.15179224391355434     
 -0.13481561206063764     
 -0.11863877979555326     
  -9.9820172328106083E-002
  -7.7766788484796345E-002
  -5.4033138349639180E-002
  -2.8450906882515972E-002
  -2.4097095789932031E-003
   2.3961983942695334E-002
   4.9461775374524633E-002
   7.3790317986855397E-002
   9.5965351590664424E-002
  0.11563321217837005     
  0.13206591901265999     
  0.14495544152007842     
  0.15385479517264333     
  0.15857864964255999     
  0.15183809198849055     
  0.13486394590669676     
  0.11868020374262456     
   9.9883093179611124E-002
   7.7826221983622115E-002
   5.4105337749321449E-002
   2.8520638773642581E-002
   2.4844319004318142E-003
  -2.3890392091403593E-002
  -4.9391898795601130E-002
  -7.3725210330647273E-002
  -9.5907420599910378E-002
 -0.11558200997022365     
 -0.13202592787607084     
 -0.14492389972597039     
 -0.15383692915923999     
 -0.15857028158122735     
 -0.15188370243863342     
 -0.13491250236916094     
 -0.11872144454742545     
  -9.9946077161822869E-002
  -7.7885612093187298E-002
  -5.4177509563178315E-002
  -2.8590411853871827E-002
  -2.5590855619721225E-003
   2.3818714573637368E-002
   4.9322097960541059E-002
   7.3660000953719260E-002
   9.5849551046702480E-002
  0.11553070948166552     
  0.13198597238396084     
  0.14489227582888722     
  0.15381906902820242     
  0.15856185524309074     
  0.15192907210362236     
  0.13496128204123017     
  0.11876250386852032     
  0.10000912125968948     
   7.7944962403410076E-002
   5.4249650132649402E-002
   2.8660229380914559E-002
   2.6336679328493838E-003
  -2.3746949629041125E-002
  -4.9252373724325504E-002
  -7.3594689990554227E-002
  -9.5791741891752352E-002
 -0.11547931263240174     
 -0.13194604988440778     
 -0.14486057311853134     
 -0.15380121102132455     
 -0.15855337471919875     
 -0.15197419792732961     
 -0.13501028539164930     
 -0.11880338348234178     
 -0.10007222236684164     
  -7.8004276558407831E-002
  -5.4321755785466753E-002
  -2.8730094587754645E-002
  -2.7081764395553562E-003
   2.3675095578561865E-002
   4.9182726846570331E-002
   7.3529277674472329E-002
   9.5733992003997403E-002
  0.11542782141698413     
  0.13190615767642547     
  0.14482879490043601     
  0.15378335140374488     
  0.15854484403387306     
  0.15201907695959008     
  0.13505951276425246     
  0.11884408528229895     
  0.10013537728764065     
   7.8063558253651563E-002
   5.4393822838862640E-002
   2.8800010679519365E-002
   2.7826085684936040E-003
  -2.3603150826321008E-002
  -4.9113157990645806E-002
  -7.3463764337425352E-002
  -9.5676300161859282E-002
 -0.11537623790263386     
 -0.13186629301281425     
 -0.14479694449276881     
 -0.15376548646708327     
 -0.15853626714208555     
 -0.15206370635785529     
 -0.13510896437760125     
 -0.11888461127779713     
 -0.10019858273929548     
  -7.8122811233081887E-002
  -5.4465847602779074E-002
  -2.8869980830383762E-002
  -2.8569618685739505E-003
   2.3531113861401207E-002
   4.9043667722893820E-002
   7.3398150409697938E-002
   9.5618665054593294E-002
  0.11532456422699491     
  0.13182645310305569     
  0.14476502522312945     
  0.15374761253254843     
  0.15852764792690324     
  0.15210808338875018     
  0.13515864032472494     
  0.11892496359315745     
  0.10026183535406483     
   7.8182039286165891E-002
   5.4537826383105933E-002
   2.8940008180481702E-002
   2.9312339537634043E-003
  -2.3458983259565119E-002
  -4.8974256511928729E-002
  -7.3332436419516034E-002
  -9.5561085283714819E-002
 -0.11527280259583055     
 -0.13178663511623245     
 -0.14473304042535071     
 -0.15372972595400705     
 -0.15851899019699525     
 -0.15215220542955049     
 -0.13520854057295534     
 -0.11896514446644881     
 -0.10032513168152592     
  -7.8241246244918225E-002
  -5.4609755484916339E-002
  -2.9010095832853775E-002
  -3.0054225055743300E-003
   2.3386757684888675E-002
   4.8904924728035502E-002
   7.3266622992563188E-002
   9.5503559364513019E-002
  0.11522095528065311     
  0.13174683618398877     
  0.14470099343629950     
  0.15371182312101839     
  0.15851029768421340     
  0.15219606996956098     
  0.13525866496386454     
  0.11900515624822204     
  0.10038846819092379     
   7.8300435980869790E-002
   5.4681631215724530E-002
   2.9080246850410219E-002
   3.0795252755026290E-003
  -2.3314435891320786E-002
  -4.8835672642653843E-002
  -7.3200710851404324E-002
  -9.5446085727639879E-002
 -0.11516902461630135     
 -0.13170705340351044     
 -0.14466888759268531     
 -0.15369390046182663     
 -0.15850157404123588     
 -0.15223967461141269     
 -0.13530901321329486     
 -0.11904500140015901     
 -0.10045184127358300     
  -7.8359612402005244E-002
  -5.4753449888734762E-002
  -2.9150464252933946E-002
  -3.1535400873997444E-003
   2.3242016724155903E-002
   4.8766500427960338E-002
   7.3134700814818945E-002
   9.5388662720782544E-002
  0.11511701299845634     
  0.13166728384053814     
  0.14463672622787729     
  0.15367595444631046     
  0.15849282283929203     
  0.15228301707225669     
  0.13535958491149513     
  0.11908468249362368     
  0.10051524724539662     
   7.8418779449651976E-002
   5.4825207826107204E-002
   2.9220751014104374E-002
   3.2274648397886143E-003
  -2.3169499121429935E-002
  -4.8697408156538266E-002
  -7.3068593797042308E-002
  -9.5331288610409945E-002
 -0.11506492288110778     
 -0.13162752453239873     
 -0.14460451266873064     
 -0.15365798158888949     
 -0.15848404756595125     
 -0.15232609518487800     
 -0.13541037952334697     
 -0.11912420220813326     
 -0.10057868234937413     
  -7.8477941095345269E-002
  -5.4896901362210447E-002
  -2.9291110058567812E-002
  -3.3012975081118147E-003
   2.3096882115226376E-002
   4.8628395801144191E-002
   7.3002390806918699E-002
   9.5273961583596328E-002
  0.11501275677396515     
  0.13158777249106010     
  0.14457225023243089     
  0.15363997845137919     
  0.15847525162299822     
  0.15236890689870164     
  0.13546139638869742     
  0.11916356332973194     
  0.10064214275826121     
   7.8537101337648685E-002
   5.4968526846883470E-002
   2.9361544259032965E-002
   3.3750361469166387E-003
  -2.3024164832902268E-002
  -4.8559463234565441E-002
  -7.2936092946961420E-002
  -9.5216679749919542E-002
 -0.11496051723982280     
 -0.13154802470620205     
 -0.14453994222334965     
 -0.15362194164580048     
 -0.15846643832437435     
 -0.15241145028071876     
 -0.13551263472278111     
 -0.11920276874928776     
 -0.10070562457721498     
  -7.8596264198956350E-002
  -5.5040080648680177E-002
  -2.9432056433418119E-002
  -3.4486788919706425E-003
   2.2951346498223939E-002
   4.8490610229572233E-002
   7.2869701412329707E-002
   9.5159441143429474E-002
  0.11490820689187593     
  0.13150827814830227     
  0.14450759192992732     
  0.15360386783713106     
  0.15845761089421109     
  0.15245372351630257     
  0.13556409361674845     
  0.11924182146069520     
  0.10076912384654682     
   7.8655433722256890E-002
   5.5111559158116212E-002
   2.9502649342030021E-002
   3.5222239623081222E-003
  -2.2878426432417633E-002
  -4.8421836458963100E-002
  -7.2803217489711372E-002
  -9.5102243724690116E-002
 -0.11485582839099313     
 -0.13146852977173509     
 -0.14447520262156899     
 -0.15358575374600811     
 -0.15844877246492969     
 -0.15249572490994340     
 -0.13561577203828154     
 -0.11928072455900268     
 -0.10083263654451516     
  -7.8714613967881944E-002
  -5.5182958790893979E-002
  -2.9573325684796686E-002
  -3.5956696622046589E-003
   2.2805404055130984E-002
   4.8353141495703987E-002
   7.2736642556126607E-002
   9.5045085382886918E-002
  0.11480338444294790     
  0.13142877651787813     
  0.14444277754557641     
  0.15356759615136734     
  0.15843992607543919     
  0.15253745288587253     
  0.13566766883231668     
  0.11931948123844999     
  0.10089615859018257     
   7.8773809010225682E-002
   5.5254275991123293E-002
   2.9644088098540595E-002
   3.6690143830783949E-003
  -2.2732278885304685E-002
  -4.8284524813160139E-002
  -7.2669978077637726E-002
  -9.4987963938003975E-002
 -0.11475087779560889     
 -0.13138901531822766     
 -0.14441031992409623     
 -0.15354939189302924     
 -0.15843107466940154     
 -0.15257890598860399     
 -0.13571978272185228     
 -0.11935809479043326     
 -0.10095968584631794     
  -7.8833022934451352E-002
  -5.5325507234515847E-002
  -2.9714939154307750E-002
  -3.7422566053157435E-003
   2.2659050541954339E-002
   4.8215985785422320E-002
   7.2603225607983213E-002
   9.4930877143062531E-002
  0.11469831123609626     
  0.13134924309751447     
  0.14437783295111001     
  0.15353113787421718     
  0.15842222109359824     
  0.15262008288336448     
  0.13577211230886180     
  0.11939656860138341     
  0.10102321412235693     
   7.8892259833176145E-002
   5.5396649031567970E-002
   2.9785881354743804E-002
   3.8153949000200166E-003
  -2.2585718744861052E-002
  -4.8147523687725471E-002
  -7.2536386787119878E-002
  -9.4873822686426509E-002
 -0.11464568758790046     
 -0.13130945677682432     
 -0.14434531978944665     
 -0.15351283106401833     
 -0.15841336809636775     
 -0.15266098235644032     
 -0.13582465607529171     
 -0.11943490615057450     
 -0.10108673917740420     
  -7.8951523803147142E-002
  -5.5467697930713364E-002
  -2.9856917131529295E-002
  -3.8884279306822460E-003
   2.2512283315171099E-002
   4.8079137696959789E-002
   7.2469463339692730E-002
   9.4816798194163152E-002
  0.11459300970797370     
  0.13126965327671211     
  0.14431278356784119     
  0.15349446849977214     
  0.15840451832614524     
  0.15270160331541202     
  0.13587741238416112     
  0.11947311100785082     
  0.10115025672328679     
   7.9010818941903246E-002
   5.5538650521456220E-002
   2.9928048842868364E-002
   3.9613544547693188E-003
  -2.2438744175901203E-002
  -4.8010826892276197E-002
  -7.2402457073413515E-002
  -9.4759801232468729E-002
 -0.11454028048378755     
 -0.13122982952031642     
 -0.14428022737802138     
 -0.15347604728939795     
 -0.15839567433007706     
 -0.15274194478930647     
 -0.13593037948074752     
 -0.11951118683128617     
 -0.10121376242764846     
  -7.9070149344432197E-002
  -5.5609503437473083E-002
  -2.9999278771039927E-002
  -4.0341733252355670E-003
   2.2365101352353919E-002
   4.7942590255778829E-002
   7.2335369877371922E-002
   9.4702829310141776E-002
  0.11448750283037008     
  0.13118998243646035     
  0.14424765427184572     
  0.15345756461364604     
  0.15838683855273944     
  0.15278200592863581     
  0.13598355549386848     
  0.11954913736476733     
  0.10127725191708455     
   7.9129519099820633E-002
   5.5680253359684288E-002
   3.0070609120007662E-002
   4.1068834919435609E-003
  -2.2291354972435992E-002
  -4.7874426673316053E-002
  -7.2268203720257412E-002
  -9.4645879881120748E-002
 -0.11443467968731401     
 -0.13115010896274876     
 -0.14421506725847474     
 -0.15343901772828392     
 -0.15837801333493270     
 -0.15282178600535309     
 -0.13603693843725057     
 -0.11958696643551060     
 -0.10134072078031701     
  -7.9188932287902525E-002
  -5.5750897019292929E-002
  -3.0142042013094852E-002
  -4.1794840030095221E-003
   2.2217505266888000E-002
   4.7806334935353689E-002
   7.2200960648517637E-002
   9.4588950347062412E-002
  0.11438181401576951     
  0.13111020604864579     
  0.14418246930159773     
  0.15342040396620205     
  0.15836920091258316     
  0.15286128441269733     
  0.13609052621098924     
  0.11962467795151095     
  0.10140416457140182     
   7.9248392975910298E-002
   5.5821431200785331E-002
   3.0213579490726304E-002
   4.2519740060529224E-003
  -2.2143552569413225E-002
  -4.7738313737946875E-002
  -7.2133642784428964E-002
  -9.4532038059979437E-002
 -0.11432890879541337     
 -0.13107027065854226     
 -0.14414986331669882     
 -0.15340172073945235     
 -0.15836040341572175     
 -0.15290050066495320     
 -0.13614431660309634     
 -0.11966227589892436     
 -0.10146757881297397     
  -7.9307905215125943E-002
  -5.5891852744896192E-002
  -3.0285223508234815E-002
  -4.3243527493704035E-003
   2.2069497316720383E-002
   4.7670361683791546E-002
   7.2066252324108793E-002
   9.4475140324915913E-002
  0.11427596702140923     
  0.13103029977479919     
  0.14411725216838248     
  0.15338296554120087     
  0.15835162286757121     
  0.15293943439710203     
  0.13619830729113316     
  0.11969976433938977     
  0.10153095899951607     
   7.9367473037543379E-002
   5.5962158551527190E-002
   3.0356975933741610E-002
   4.3966195830087342E-003
  -2.1995340048463739E-002
  -4.7602477283374335E-002
  -7.1998791535443224E-002
  -9.4418254402675775E-002
 -0.11422299170134897     
 -0.13099029040077501     
 -0.14408463866774351     
 -0.15336413594761192     
 -0.15834286118371271     
 -0.15297808536438740     
 -0.13625249584393054     
 -0.11973714740728658     
 -0.10159430060066259     
  -7.9427100452534372E-002
  -5.6032345582627971E-002
  -3.0428838546103912E-002
  -4.4687739597630335E-003
   2.1921081407097535E-002
   4.7534658956198739E-002
   7.1931262755959416E-002
   9.4361377512584665E-002
  0.11416998585219071     
  0.13095023956382312     
  0.14405202556980057     
  0.15334522961964159     
  0.15833412017136123     
  0.15301645344177400     
  0.13630687972339028     
  0.11977442930693892     
  0.10165759906451940     
   7.9486791443534544E-002
   5.6102410865022975E-002
   3.0500813032942137E-002
   4.5408154360692485E-003
  -2.1846722137626354E-002
  -4.7466905032108368E-002
  -7.1863668390616878E-002
  -9.4304506835299673E-002
 -0.11411695249718348     
 -0.13091014431826878     
 -0.14401941557097933     
 -0.15332624430476083     
 -0.15832540152872154     
 -0.15305453862332094     
 -0.13636145628637114     
 -0.11981161430975716     
 -0.10172084982101534     
  -7.9546549964734384E-002
  -5.6172351493197506E-002
  -3.0572900988734969E-002
  -4.6127436728220480E-003
   2.1772263087272183E-002
   4.7399213752684383E-002
   7.1796010909548569E-002
   9.4247639515647422E-002
  0.11406389466279496     
  0.13087000174834984     
  0.14398681130666330     
  0.15330717783858464     
  0.15831670684445456     
  0.15309234102145031     
  0.13641622278665255     
  0.11984870675133308     
  0.10178404828526162     
   7.9606379937799995E-002
   5.6242164632022973E-002
   3.0645103913000699E-002
   4.6845584360837864E-003
  -2.1697705205036173E-002
  -4.7331583272737357E-002
  -7.1728292845724101E-002
  -9.4190772665505129E-002
 -0.11401081537563042     
 -0.13082980897113208     
 -0.14395421534879907     
 -0.15328802814642725     
 -0.15830803759722509     
 -0.15312986086613031     
 -0.13647117637698103     
 -0.11988571102847527     
 -0.10184718986094068     
  -7.9666285248600810E-002
  -5.6311847519439108E-002
  -3.0717423208546757E-002
  -4.7562595977188524E-003
   2.1623049541178795E-002
   4.7264011661870969E-002
   7.1660516792567228E-002
   9.4133903366704602E-002
  0.11395771765936084     
  0.13078956313938367     
  0.14392163020357202     
  0.15326879324476317     
  0.15829939515535826     
  0.15316709850395810     
  0.13652631411118804     
  0.11992263159620600     
  0.10191026994369286     
   7.9726269743977077E-002
   5.6381397469066806E-002
   3.0789860179812705E-002
   4.8278471359154244E-003
  -2.1548297246593576E-002
  -4.7196496906137725E-002
  -7.1592685401498934E-002
  -9.4077028673973745E-002
 -0.11390460453164777     
 -0.13074926144441704     
 -0.14388905830914261     
 -0.15324947124260854     
 -0.15829078077658204     
 -0.15320405439715490     
 -0.13658163294639034     
 -0.11995947296469944     
 -0.10197328392453127     
  -7.9786337228515317E-002
  -5.6450811872777222E-002
  -3.0862416031280513E-002
  -4.8993211356347611E-003
   2.1473449572101986E-002
   4.7129036909762764E-002
   7.1524801379439826E-002
   9.4020145617896025E-002
  0.11385147900108258     
  0.13070890111888800     
  0.14385650203345490     
  0.15323006034280884     
  0.15828219560787388     
  0.15324072912246556     
  0.13663712974525494     
  0.11999623969618912     
  0.10203622719324572     
   7.9846491461371474E-002
   5.6520088203184188E-002
   3.0935091865983772E-002
   4.9706817889431818E-003
  -2.1398507867642254E-002
  -4.7061629496958052E-002
  -7.1456867486243233E-002
  -9.3963251207901693E-002
 -0.11379834406412938     
 -0.13066847943955326     
 -0.14382396367211195     
 -0.15321055884324314     
 -0.15827364068539745     
 -0.15327712336997174     
 -0.13669280127834504     
 -0.12003293640182168     
 -0.10209909514183031     
  -7.9906736153108213E-002
  -5.6589224016089110E-002
  -3.1007888684086986E-002
  -5.0419293952728575E-003
   2.1323473581379395E-002
   4.6994272413801358E-002
   7.1388886532089621E-002
   9.3906342435272544E-002
  0.11374520270208514     
  0.13062799372998415     
  0.14379144544632433     
  0.15319096513793415     
  0.15826511693454104     
  0.15331323794181129     
  0.13674864422652544     
  0.12006956773848391     
  0.10216188316789440     
   7.9967074962583165E-002
   5.6658216952845640E-002
   3.1080807381565143E-002
   5.1130643615647431E-003
  -2.1248348258712999E-002
  -4.6926963330200841E-002
  -7.1320861374820299E-002
  -9.3849416276171285E-002
 -0.11369205787805287     
 -0.13058744136323078     
 -0.14375894950093243     
 -0.15317127771807074     
 -0.15825662517004707     
 -0.15334907375081314     
 -0.13680465518344503     
 -0.12010613840558171     
 -0.10222458667809128     
  -8.0027511493857797E-002
  -5.6727064742671314E-002
  -3.1153848748956992E-002
  -5.1840872023380807E-003
   2.1173133541205175E-002
   4.6859699841923695E-002
   7.1252794917233228E-002
   9.3792469694680858E-002
  0.11363891253393384     
