   2.6132199977740300E-002
   3.8975236744560146E-002
   5.1552128220690864E-002
   6.3776809935430737E-002
   7.5565550655523700E-002
   8.6837540397896540E-002
   9.7515460836107820E-002
  0.10752603368766886     
  0.11680046572942884     
  0.12527426430395003     
  0.13288473122753941     
  0.13956292562209327     
  0.14521699725010329     
  0.14970851696073617     
  0.15283362403086559     
  0.15433120835461842     
  0.15393914692045163     
  0.15149603226872696     
  0.14704517448532473     
  0.14087091425328527     
  0.13342169049023975     
  0.12514732759993183     
  0.11634212369178286     
  0.10708339694015714     
   9.7290895710038988E-002
   8.6856896160589683E-002
   7.5757549282873607E-002
   6.4076746359487277E-002
   5.1945174204332735E-002
   3.9465155334080626E-002
   2.6693536068159614E-002
   1.3689461931501799E-002
   5.6738398144100049E-004
  -1.2509059929855060E-002
  -2.5395964758871875E-002
  -3.8035639099663683E-002
  -5.0448902199145683E-002
  -6.2649731854356627E-002
  -7.4556147897693562E-002
  -8.5981706474150293E-002
  -9.6723274514222524E-002
 -0.10667170823502950     
 -0.11584470107504971     
 -0.12430746863017021     
 -0.13204870916483277     
 -0.13892036274607172     
 -0.14469234997171310     
 -0.14917004539458575     
 -0.15226565179404603     
 -0.15395872054626042     
 -0.15418756770102948     
 -0.15278237889036489     
 -0.14951801601740289     
 -0.14426062687709285     
 -0.13709946873018630     
 -0.12836555078453757     
 -0.11852939980392310     
 -0.10805588404591468     
  -9.7301238166634954E-002
  -8.6476176026107146E-002
  -7.5641694034290607E-002
  -6.4705998664695341E-002
  -5.3438069287080357E-002
  -4.1543236929653615E-002
  -2.8813369811901426E-002
  -1.5287461593337721E-002
  -1.3094592894874536E-003
   1.2588003086819051E-002
   2.5927114850086107E-002
   3.8508164060468641E-002
   5.0468760423067208E-002
   6.2141035404725806E-002
   7.3798395388356156E-002
   8.5450549244329335E-002
   9.6809096119841204E-002
  0.10743250636460297     
  0.11694852346952447     
  0.12521613833343145     
  0.13233891677777362     
  0.13853310899942603     
  0.14393364159681060     
  0.14845165551913644     
  0.15176639884494933     
  0.15345831244852062     
  0.15320880289887939     
  0.15095048853610557     
  0.14687788132335725     
  0.14131502484279324     
  0.13453339647507298     
  0.12665067796649582     
  0.11768129201033999     
  0.10768912226288391     
   9.6905977650856082E-002
   8.5702421287350700E-002
   7.4416263946096128E-002
   6.3163038687525624E-002
   5.1779192231459444E-002
   3.9960993691526836E-002
   2.7517327554953123E-002
   1.4555426831716020E-002
   1.4524757397585187E-003
  -1.1374784096817147E-002
  -2.3729081337840584E-002
  -3.5722816510871822E-002
  -4.7636401764585404E-002
  -5.9659492896988645E-002
  -7.1709277774646280E-002
  -8.3450075042087360E-002
  -9.4484375257549644E-002
 -0.10456541985866254     
 -0.11367973789481844     
 -0.12195908768323623     
 -0.12951296186704891     
 -0.13631741332641301     
 -0.14222503102472270     
 -0.14705056996717530     
 -0.15063776922756733     
 -0.15285601538593077     
 -0.15355757697299013     
 -0.15256760227715638     
 -0.14974284733587301     
 -0.14505907703655407     
 -0.13864865421076558     
 -0.13074809648076474     
 -0.12159479244761592     
 -0.11136069123775540     
 -0.10018206229449557     
  -8.8256044127675251E-002
  -7.5903620801125532E-002
  -6.3516276485310649E-002
  -5.1400026876536720E-002
  -3.9622192293009818E-002
  -2.7978161507291446E-002
  -1.6118323153171646E-002
  -3.7624765041180900E-003
   9.1371714824225892E-003
   2.2385697938104514E-002
   3.5672523385606593E-002
   4.8722975566158705E-002
   6.1364419114404906E-002
   7.3488089794838743E-002
   8.4979540207858181E-002
   9.5704610973769921E-002
  0.10556954407377116     
  0.11459002505597167     
  0.12288231703511716     
  0.13055214150096225     
  0.13755163325082376     
  0.14361839039569774     
  0.14835775505255999     
  0.15141762886119278     
  0.15263172191418473     
  0.15203825759663017     
  0.14978424421214859     
  0.14600727887946005     
  0.14078527715142911     
  0.13417224054404983     
  0.12626297539076478     
  0.11721872577420138     
  0.10724171662383769     
   9.6541898650449931E-002
   8.5333245349510436E-002
   7.3844389253963666E-002
   6.2295563341177036E-002
   5.0823235934724827E-002
   3.9399119608338147E-002
   2.7823924100392396E-002
   1.5838663843047576E-002
   3.3094644586075059E-003
  -9.6314287476615950E-003
  -2.2599856288264861E-002
  -3.5139139505810421E-002
  -4.6950474508160166E-002
  -5.8022303068306143E-002
  -6.8584751417616496E-002
  -7.8935200410015005E-002
  -8.9252318663303562E-002
  -9.9502089346607106E-002
 -0.10946407232196922     
 -0.11882988323180760     
 -0.12730210322676283     
 -0.13465242532307994     
 -0.14073963934504660     
 -0.14550372917562038     
 -0.14894311036162319     
 -0.15107383185503651     
 -0.15187884072128435     
 -0.15127253106084965     
 -0.14910863441993608     
 -0.14523725319887917     
 -0.13958168115560887     
 -0.13218665467034169     
 -0.12320958165286462     
 -0.11287387981932083     
 -0.10143452503878193     
  -8.9185424081314579E-002
  -7.6482655801967697E-002
  -6.3723566851725269E-002
  -5.1249641930059923E-002
  -3.9213460142396586E-002
  -2.7505152086960801E-002
  -1.5816841309543299E-002
  -3.8325372873844006E-003
   8.5712123394527402E-003
   2.1253170824112242E-002
   3.3914857785982952E-002
   4.6301877124023859E-002
   5.8340546967497242E-002
   7.0104571493558684E-002
   8.1646892558828565E-002
   9.2846451791894311E-002
  0.10340789049497887     
  0.11301956345764116     
  0.12153825742772274     
  0.12904502878731233     
  0.13571866255058804     
  0.14161723470309057     
  0.14653700546281223     
  0.15006736806425486     
  0.15180799743846465     
  0.15158007809617183     
  0.14946889156326920     
  0.14568045838099405     
  0.14035183378532939     
  0.13348824255414152     
  0.12508542399976597     
  0.11532754340108735     
  0.10467100059353918     
   9.3710927692064336E-002
   8.2913067325876041E-002
   7.2409249170094711E-002
   6.1997517022880796E-002
   5.1326978316392088E-002
   4.0128664577351578E-002
   2.8351742140998379E-002
   1.6151537335555161E-002
   3.7770899439737693E-003
  -8.5468076573658874E-003
  -2.0675892919296338E-002
  -3.2537995586331935E-002
  -4.4098799257106740E-002
  -5.5336424067563519E-002
  -6.6230677049126288E-002
  -7.6755027190484479E-002
  -8.6865961492712654E-002
  -9.6499430596601210E-002
 -0.10558533240207021     
 -0.11407465893103094     
 -0.12195636846132217     
 -0.12924120556734472     
 -0.13591078039072033     
 -0.14185589577685939     
 -0.14683864917860626     
 -0.15050362675650075     
 -0.15244388062252473     
 -0.15230682207044383     
 -0.14990783729484963     
 -0.14530808877980397     
 -0.13881283657028123     
 -0.13086755894795365     
 -0.12187959558391226     
 -0.11205711860805105     
 -0.10138062983136099     
  -8.9752722529641907E-002
  -7.7234765735129315E-002
  -6.4186668349149309E-002
  -5.1177559782605700E-002
  -3.8707990015670685E-002
  -2.6938103467581215E-002
  -1.5619929873517624E-002
  -4.2832934582736912E-003
   7.4548365820986144E-003
   1.9665629070119092E-002
   3.2105170694937298E-002
   4.4406279679251363E-002
   5.6304629540213598E-002
   6.7735653195079015E-002
   7.8762865703439822E-002
   8.9434738722590723E-002
   9.9698803574861619E-002
  0.10941903595246093     
  0.11844133163624705     
  0.12662758088869744     
  0.13383734368280689     
  0.13990342033208031     
  0.14465182522976139     
  0.14795663215781862     
  0.14976429695939866     
  0.15003925425772496     
  0.14866727947151406     
  0.14542340014823518     
  0.14008382185806201     
  0.13263568050206778     
  0.12342093720395156     
  0.11307151164134437     
  0.10225639350084176     
   9.1417643694103670E-002
   8.0677202956027372E-002
   6.9956541235511913E-002
   5.9189334045934378E-002
   4.8447908470472971E-002
   3.7887725299556030E-002
   2.7569582333483986E-002
   1.7319889729024058E-002
   6.7606696823036445E-003
  -4.4866256111966213E-003
  -1.6548976319535436E-002
  -2.9168830849912369E-002
  -4.1785375239457932E-002
  -5.3788209800101634E-002
  -6.4791901011652317E-002
  -7.4770030082354388E-002
  -8.3983355397249715E-002
  -9.2769930870582273E-002
 -0.10134009668549197     
 -0.10969117732756678     
 -0.11766186542807373     
 -0.12505791053758974     
 -0.13174973708546073     
 -0.13767721442637629     
 -0.14276900063506873     
 -0.14684469129836325     
 -0.14957782811316836     
 -0.15055542715166473     
 -0.14940737689729788     
 -0.14593458083728381     
 -0.14016419953689516     
 -0.13230937175965790     
 -0.12267957391803130     
 -0.11161897600527267     
  -9.9510735694169350E-002
  -8.6809002216418754E-002
  -7.4021161357524692E-002
  -6.1602385164298265E-002
  -4.9809846481145170E-002
  -3.8615346326815778E-002
  -2.7744370157408105E-002
  -1.6826606412427319E-002
  -5.5765416657390290E-003
   6.0874943280596911E-003
   1.8037569757288017E-002
   3.0032882007014511E-002
   4.1855194897264719E-002
   5.3403281916451439E-002
   6.4695399875988199E-002
   7.5784495448843692E-002
   8.6643678800564186E-002
   9.7101078315523504E-002
  0.10687578449785047     
  0.11569941009038769     
  0.12344398624140890     
  0.13016483448591562     
  0.13601804885462396     
  0.14109273516224888     
  0.14525823031577392     
  0.14812902630141583     
  0.14918586446462254     
  0.14799059580936275     
  0.14436407592027972     
  0.13842534612536145     
  0.13050344288655874     
  0.12102683886157908     
  0.11047605190889917     
   9.9378181961243484E-002
   8.8253686605453574E-002
   7.7481094428737213E-002
   6.7164588688393631E-002
   5.7131708444035895E-002
   4.7097166705917085E-002
   3.6887567868546550E-002
   2.6557393289139569E-002
   1.6300541322778993E-002
   6.2268212705545696E-003
  -3.8043183325296775E-003
  -1.4135108393845465E-002
  -2.5062754940578556E-002
  -3.6583887638037348E-002
  -4.8341245960509011E-002
  -5.9823799881493459E-002
  -7.0659549619908890E-002
  -8.0768052052545336E-002
  -9.0270333236473058E-002
  -9.9260214067539931E-002
 -0.10764578364453332     
 -0.11519726212343555     
 -0.12175330399134471     
 -0.12739689795420922     
 -0.13243467592899544     
 -0.13717263607530419     
 -0.14163843868408316     
 -0.14544115382359282     
 -0.14786590893247709     
 -0.14814298601657550     
 -0.14572537922263526     
 -0.14043459953719264     
 -0.13245275179682084     
 -0.12223261384973502     
 -0.11039752166678159     
  -9.7645525926073257E-002
  -8.4638819301282947E-002
  -7.1884435249366635E-002
  -5.9654748525741902E-002
  -4.7995475085495690E-002
  -3.6815571214470107E-002
  -2.5996490834266747E-002
  -1.5449617846135501E-002
  -5.0975384155965663E-003
   5.1813216799259940E-003
   1.5575077412330447E-002
   2.6286761240081124E-002
   3.7433124329062248E-002
   4.8965390031680399E-002
   6.0670589047048730E-002
   7.2251189840734906E-002
   8.3425510489219659E-002
   9.3985912546646289E-002
  0.10379426953468622     
  0.11274474280085774     
  0.12074070441899344     
  0.12770587363219935     
  0.13360731206170945     
  0.13844937290751952     
  0.14221914570445912     
  0.14480607133767326     
  0.14594715746523865     
  0.14524574516896371     
  0.14228092597202721     
  0.13678127705476351     
  0.12879496570633062     
  0.11876757085735641     
  0.10746375508289172     
   9.5745484641097695E-002
   8.4308360267873861E-002
   7.3510648438153983E-002
   6.3373105389280454E-002
   5.3721220907935352E-002
   4.4362307698790043E-002
   3.5186150266273850E-002
   2.6142381143817089E-002
   1.7137631391433830E-002
   7.9575278313342122E-003
  -1.6935549874952033E-003
  -1.2034137720136647E-002
  -2.3035399863827796E-002
  -3.4374958752182341E-002
  -4.5569992557974476E-002
  -5.6216867428147292E-002
  -6.6183111816419143E-002
  -7.5621916990682964E-002
  -8.4800442464875753E-002
  -9.3867224858467782E-002
 -0.10272260969220200     
 -0.11106849391298715     
 -0.11858023625448394     
 -0.12506983032866881     
 -0.13053437405789975     
 -0.13507395783354401     
 -0.13875144919238105     
 -0.14149300952071125     
 -0.14307920143457667     
 -0.14320008960645531     
 -0.14151184595679769     
 -0.13766463050294220     
 -0.13133675714947474     
 -0.12233848729922837     
 -0.11079252202803629     
  -9.7286629314728520E-002
  -8.2837331838044384E-002
  -6.8601415237777172E-002
  -5.5473579887527172E-002
  -4.3818335301720669E-002
  -3.3480808116914722E-002
  -2.4012422374401203E-002
  -1.4929258261449424E-002
  -5.8591765785507869E-003
   3.4475532463634963E-003
   1.3171228373806647E-002
   2.3445520738033420E-002
   3.4312747485408281E-002
   4.5655539436671860E-002
   5.7184797592707164E-002
   6.8523790676255636E-002
   7.9348858689723550E-002
   8.9498237376914133E-002
   9.8981338679257985E-002
  0.10788973518138126     
  0.11627182169295047     
  0.12404416560170516     
  0.13097595625735120     
  0.13673603459390485     
  0.14097041178410663     
  0.14338302958896923     
  0.14379791725753405     
  0.14217517792808460     
  0.13856016861139270     
  0.13299050344947144     
  0.12544504309080257     
  0.11592334873181911     
  0.10464894547465892     
   9.2246009455989236E-002
   7.9690065520069325E-002
   6.7984001083221002E-002
   5.7752186902914546E-002
   4.9025223907190461E-002
   4.1328481027060486E-002
   3.3973478484161677E-002
   2.6362200076557533E-002
   1.8158465528256670E-002
   9.2847506435469098E-003
  -1.9350169312921516E-004
  -1.0181710882825719E-002
  -2.0584774799260960E-002
  -3.1258252733472144E-002
  -4.1965771790742734E-002
  -5.2419235617680533E-002
  -6.2394278516094692E-002
  -7.1832497458833328E-002
  -8.0840555674802389E-002
  -8.9574140497335267E-002
  -9.8085565074088402E-002
 -0.10624591469309234     
 -0.11379954193816942     
 -0.12050859593333391     
 -0.12627621371587502     
 -0.13115301605396554     
 -0.13521802949371661     
 -0.13841621720722580     
 -0.14046526566046258     
 -0.14089452531331961     
 -0.13919023776576894     
 -0.13496338289437831     
 -0.12806644758318117     
 -0.11863741785651223     
 -0.10708876670499644     
  -9.4058343972357558E-002
  -8.0318818170544537E-002
  -6.6642939092111400E-002
  -5.3653408791002083E-002
  -4.1716009855177850E-002
  -3.0925452478178041E-002
  -2.1181615777299358E-002
  -1.2294440872163427E-002
  -4.0382783063694977E-003
   3.8751621830932395E-003
   1.1852860297285195E-002
   2.0403113883461596E-002
   2.9979150788457715E-002
   4.0736380741571647E-002
   5.2372536053361417E-002
   6.4212075221444467E-002
   7.5525431455855024E-002
   8.5876535688180336E-002
   9.5259972816788593E-002
  0.10395168216451957     
  0.11220312331333894     
  0.11999978229799201     
  0.12703558046905666     
  0.13288810515720387     
  0.13723600695443675     
  0.13994344463500080     
  0.14095590872380970     
  0.14011171511802001     
  0.13705239819726650     
  0.13135374602825362     
  0.12283405042583601     
  0.11183879606766484     
   9.9277106900025794E-002
   8.6342579170580358E-002
   7.4084609577963395E-002
   6.3102568966178732E-002
   5.3513768109293855E-002
   4.5124931772726778E-002
   3.7626995934299426E-002
   3.0695463929001379E-002
   2.4002543902459282E-002
   1.7210728034921442E-002
   9.9962983243318225E-003
   2.0978816238727532E-003
  -6.6423880579764821E-003
  -1.6262024981790961E-002
  -2.6671994469957598E-002
  -3.7643290890029532E-002
  -4.8800384429446307E-002
  -5.9665895996799181E-002
  -6.9781362460417024E-002
  -7.8862379351331377E-002
  -8.6897929022126827E-002
  -9.4129171166006109E-002
 -0.10091882945433253     
 -0.10757934851655003     
 -0.11423430362180111     
 -0.12076082802136383     
 -0.12682341105757289     
 -0.13197230642204369     
 -0.13575731894254661     
 -0.13781191049910441     
 -0.13788460283041259     
 -0.13581652403600333     
 -0.13148504887450077     
 -0.12476261989640555     
 -0.11555898867009237     
 -0.10397757328009170     
  -9.0508982352545883E-002
  -7.6088873844363761E-002
  -6.1891901255305914E-002
  -4.8931684489063279E-002
  -3.7712520912673519E-002
  -2.8148467556117201E-002
  -1.9761985335603645E-002
  -1.1992961458871243E-002
  -4.4210120882690555E-003
   3.1926987123235798E-003
   1.1002038787450326E-002
   1.9188472380929588E-002
   2.7980850376908305E-002
   3.7561409367847458E-002
   4.7934352373930761E-002
   5.8867567001899899E-002
   6.9960610978911431E-002
   8.0792280802041871E-002
   9.1046324268735684E-002
  0.10054451818996879     
  0.10919373059958205     
  0.11690922818804959     
  0.12357393342817648     
  0.12904806008025055     
  0.13319916437073973     
  0.13591035816311825     
  0.13704463546050388     
  0.13638037836271372     
  0.13357108022462588     
  0.12819975693257371     
  0.11996711453032873     
  0.10896234476161550     
   9.5860666016881591E-002
   8.1871177376943952E-002
   6.8392851761450921E-002
   5.6548146224043867E-002
   4.6857492419854235E-002
   3.9202836330602273E-002
   3.3030229189396132E-002
   2.7632700819736497E-002
   2.2373422687585444E-002
   1.6788927861829856E-002
   1.0587496464539031E-002
   3.5982293711372582E-003
  -4.2737743300783771E-003
  -1.3058390591290690E-002
  -2.2702523942033852E-002
  -3.3047351367568568E-002
  -4.3824147267847752E-002
  -5.4678487415093992E-002
  -6.5220170873439162E-002
  -7.5091354953846154E-002
  -8.4040665537788675E-002
  -9.1979513874818314E-002
  -9.8989259903080287E-002
 -0.10526347511408893     
 -0.11100700055320468     
 -0.11634250398518790     
 -0.12126759401938662     
 -0.12566651581989041     
 -0.12934171420805371     
 -0.13202106267356287     
 -0.13332464398949903     
 -0.13272521656803607     
 -0.12957554159823093     
 -0.12326824275529837     
 -0.11352215831264900     
 -0.10067318210334714     
  -8.5767086100031739E-002
  -7.0317676610689051E-002
  -5.5813220870068875E-002
  -4.3244735606311598E-002
  -3.2900113325280610E-002
  -2.4464461760809176E-002
  -1.7296595289009890E-002
  -1.0719226284002511E-002
  -4.2151615792888003E-003
   2.5101871177928307E-003
   9.5840391628823022E-003
   1.7081896748765972E-002
   2.5124755361930252E-002
   3.3889762527690187E-002
   4.3517950365852751E-002
   5.3977993059764716E-002
   6.4990537109236399E-002
   7.6083955387703697E-002
   8.6754933771518189E-002
   9.6627027148644531E-002
  0.10550719446906524     
  0.11332572960149531     
  0.12003263123793985     
  0.12553925717782002     
  0.12973006283066751     
  0.13248914034962411     
  0.13366880509285514     
  0.13299603119894998     
  0.13001316347624692     
  0.12418776512461928     
  0.11523224939406722     
  0.10347238904560066     
   8.9961430224068911E-002
   7.6157873056611425E-002
   6.3340969074558884E-002
   5.2183016694046028E-002
   4.2749912354114322E-002
   3.4818561313477485E-002
   2.8178385704780890E-002
   2.2689648896641587E-002
   1.8132302827548838E-002
   1.4049391939938160E-002
   9.7672990058711179E-003
   4.6139118293754763E-003
  -1.8171249907889518E-003
  -9.5577477719090732E-003
  -1.8387035663972307E-002
  -2.8057217626935711E-002
  -3.8413125209462912E-002
  -4.9307197095125481E-002
  -6.0416607165509111E-002
  -7.1174707952940786E-002
  -8.0934930708863068E-002
  -8.9273660454502191E-002
  -9.6203364722509122E-002
 -0.10212739004342922     
 -0.10756170904052895     
 -0.11281295658605055     
 -0.11781773208575881     
 -0.12221873335814243     
 -0.12558512548730233     
 -0.12760026205647726     
 -0.12808741140013996     
 -0.12687659730225839     
 -0.12364099423889108     
 -0.11787095097241626     
 -0.10907854042630688     
  -9.7167058312167015E-002
  -8.2742590867224547E-002
  -6.7110981943425296E-002
  -5.1882557075915083E-002
  -3.8402627661059806E-002
  -2.7358134366270475E-002
  -1.8738906028112644E-002
  -1.2059407567451162E-002
  -6.6389448387275153E-003
  -1.8085582381829506E-003
   2.9858283005547263E-003
   8.1653931739135693E-003
   1.4053084065805419E-002
   2.0917252812363566E-002
   2.8975033495737528E-002
   3.8329305490661970E-002
   4.8866928316696624E-002
   6.0195990043588631E-002
   7.1699031877048361E-002
   8.2711560963469807E-002
   9.2740718781506526E-002
  0.10159298347054757     
  0.10933051726794640     
  0.11609144834912692     
  0.12189708335808354     
  0.12656033095316127     
  0.12972269560682820     
  0.13096055454179190     
  0.12987923887020106     
  0.12616064633232402     
  0.11959961672405239     
  0.11019146151249248     
   9.8278340745868928E-002
   8.4656404714292713E-002
   7.0500103543456843E-002
   5.7068963021603407E-002
   4.5349290245463213E-002
   3.5842651730322243E-002
   2.8575481526794136E-002
   2.3235287471577649E-002
   1.9304938424625905E-002
   1.6148290836333012E-002
   1.3079359219034388E-002
   9.4562968796222738E-003
   4.7985297563727597E-003
  -1.1184878759154479E-003
  -8.2465953146902693E-003
  -1.6350333345777256E-002
  -2.5157096127254554E-002
  -3.4481612834206095E-002
  -4.4241594331023440E-002
  -5.4360404522952759E-002
  -6.4642522336936514E-002
  -7.4730225822106144E-002
  -8.4186575110850759E-002
  -9.2651207125614532E-002
  -9.9958788075656529E-002
 -0.10614125138757152     
 -0.11132615187613733     
 -0.11561432959996217     
 -0.11901664090500404     
 -0.12146658436770474     
 -0.12285858351844621     
 -0.12304234586319325     
 -0.12175072275905366     
 -0.11852181391399493     
 -0.11273326180300960     
 -0.10383974120714386     
  -9.1767252221240672E-002
  -7.7226108005932201E-002
  -6.1647474691683038E-002
  -4.6689740762942883E-002
  -3.3626664456185687E-002
  -2.3014283633081906E-002
  -1.4755277289864293E-002
  -8.3809770674915813E-003
  -3.3175149166790900E-003
   9.7435158256356394E-004
   4.9714493727953425E-003
   9.1076824943637606E-003
   1.3785827932394377E-002
   1.9359943372863474E-002
   2.6095281865461690E-002
   3.4124052363826742E-002
   4.3412912423851611E-002
   5.3752596586716453E-002
   6.4776878541535604E-002
   7.6012434327546147E-002
   8.6949555820052177E-002
   9.7113860262929633E-002
  0.10612089469458202     
  0.11370483517944095     
  0.11971686185366724     
  0.12408717970804585     
  0.12675071731185175     
  0.12755867109285593     
  0.12622323204573513     
  0.12234740346222139     
  0.11556463874421692     
  0.10576035377358999     
   9.3285340913570713E-002
   7.9033049698638239E-002
   6.4290792931179092E-002
   5.0404503495371532E-002
   3.8428364457208722E-002
   2.8932495264268828E-002
   2.2006928582084417E-002
   1.7370029302416080E-002
   1.4476970566720572E-002
   1.2598731113799281E-002
   1.0908416194034952E-002
   8.6147683778519286E-003
   5.1301707855228619E-003
   1.9953828145232713E-004
  -6.0949276544438992E-003
  -1.3474620227034955E-002
  -2.1672337951254381E-002
  -3.0569248989004642E-002
  -4.0160952830439758E-002
  -5.0376080298891464E-002
  -6.0896538024466033E-002
  -7.1146636879020328E-002
  -8.0494040834037883E-002
  -8.8536380062831224E-002
  -9.5276146783438723E-002
 -0.10106190967700812     
 -0.10632781528041398     
 -0.11128953490943889     
 -0.11577730948042413     
 -0.11929334423467448     
 -0.12123425207765362     
 -0.12112114441817112     
 -0.11869629478420628     
 -0.11386039246739375     
 -0.10655613503946129     
  -9.6753565990836787E-002
  -8.4605536542369200E-002
  -7.0664968196648595E-002
  -5.5942291308199769E-002
  -4.1674577511134424E-002
  -2.8927362201092710E-002
  -1.8304736719657631E-002
  -9.9309775366787506E-003
  -3.6209322824069094E-003
   9.5997045656077929E-004
   4.2558406798010135E-003
   6.8536520917821158E-003
   9.4713244404248161E-003
   1.2833910690476735E-002
   1.7482812365145133E-002
   2.3636862470828017E-002
   3.1199242924547885E-002
   3.9899104021405750E-002
   4.9456460351703938E-002
   5.9648929367264535E-002
   7.0252074036437337E-002
   8.0940680926643332E-002
   9.1267716920325911E-002
  0.10075389800847634     
  0.10901038347032796     
  0.11578717877869578     
  0.12090972926121744     
  0.12416312472869291     
  0.12522285360466689     
  0.12368928732162451     
  0.11920677862145662     
  0.11160556226220114     
  0.10101929324933739     
   8.7961657769492968E-002
   7.3340097173526228E-002
   5.8358932780831457E-002
   4.4291640009518046E-002
   3.2194056176430647E-002
   2.2687263548929436E-002
   1.5890818328850524E-002
   1.1495871804012604E-002
   8.9190567308599263E-003
   7.4732869562382318E-003
   6.4983476074913470E-003
   5.4146259885399445E-003
   3.7094100311218809E-003
   9.1230892713562751E-004
  -3.3782534327393972E-003
  -9.4039808207320927E-003
  -1.7146498415793479E-002
  -2.6304125274889525E-002
  -3.6384177905231317E-002
  -4.6855755156307889E-002
  -5.7262021708071729E-002
  -6.7243016999025212E-002
  -7.6509529816689528E-002
  -8.4838324552288583E-002
  -9.2108039443264247E-002
  -9.8330006394936706E-002
 -0.10361967803624283     
 -0.10810470367982102     
 -0.11181960017265583     
 -0.11464503200907059     
 -0.11631047866026351     
 -0.11643215410772127     
 -0.11454911318078068     
 -0.11016170163699321     
 -0.10282810037008196     
  -9.2367361054070965E-002
  -7.9114388473787781E-002
  -6.4044385094963546E-002
  -4.8595228684313686E-002
  -3.4229231275606356E-002
  -2.1995309532082102E-002
  -1.2335706581359447E-002
  -5.1653683378893337E-003
  -7.7959950455335804E-005
   3.4739718364536747E-003
   6.0820534385720689E-003
   8.3390746786171938E-003
   1.0795493618623867E-002
   1.3892505265696672E-002
   1.7899705192092909E-002
   2.2910515782433059E-002
   2.8921138102131514E-002
   3.5951982540206220E-002
   4.4114413325729629E-002
   5.3537207459222212E-002
   6.4164940922964847E-002
   7.5565907202747556E-002
   8.6923598258001888E-002
   9.7269531077440588E-002
  0.10583122324923572     
  0.11227749557246154     
  0.11671055654236713     
  0.11941132069643207     
  0.12048461080832619     
  0.11960891519207795     
  0.11605365953276918     
  0.10900480267619538     
   9.8079437965994595E-002
   8.3766714373925383E-002
   6.7495761121548523E-002
   5.1209267853014641E-002
   3.6668154492998074E-002
   2.4925472127546019E-002
   1.6238504386971431E-002
   1.0317788184341287E-002
   6.6290931692878051E-003
   4.5699519994202827E-003
   3.5284084397053262E-003
   2.9117852074922214E-003
   2.1960978258128150E-003
   9.7712530765991330E-004
  -1.0239923185493300E-003
  -4.0165022183222768E-003
  -8.2160533127521636E-003
  -1.3869707180676863E-002
  -2.1185121144320883E-002
  -3.0188287415530070E-002
  -4.0598697552586799E-002
  -5.1818406886165881E-002
  -6.3064618918565588E-002
  -7.3580373306152858E-002
  -8.2814700883439618E-002
  -9.0503008018963757E-002
  -9.6649589313034509E-002
 -0.10145105690960481     
 -0.10519200190805571     
 -0.10812715925464278     
 -0.11036351423738876     
 -0.11176680691698029     
 -0.11192451283548449     
 -0.11019381133779499     
 -0.10584675761291626     
  -9.8297097102784531E-002
  -8.7360104858584017E-002
  -7.3464767965891770E-002
  -5.7712144408883781E-002
  -4.1685350432950012E-002
  -2.7018432188761220E-002
  -1.4902454350924781E-002
  -5.7933308841321730E-003
   5.3846818129169808E-004
   4.7123662262510049E-003
   7.4205491426010527E-003
   9.2544424388285289E-003
   1.0695026400220277E-002
   1.2180726829325403E-002
   1.4147745251651347E-002
   1.6993080454942820E-002
   2.0992930195766785E-002
   2.6256350782107519E-002
   3.2765591807663016E-002
   4.0471225771293473E-002
   4.9345894106225939E-002
   5.9321343735178556E-002
   7.0137192951993457E-002
   8.1233961219446996E-002
   9.1819916378439032E-002
  0.10110595227616911     
  0.10854955984679977     
  0.11392948441885056     
  0.11720609096508863     
  0.11828225844793254     
  0.11684001343939662     
  0.11237025604942681     
  0.10440170971231065     
   9.2838065399704212E-002
   7.8247400212581947E-002
   6.1919324429889150E-002
   4.5576588212785554E-002
   3.0847257803010734E-002
   1.8809499000739839E-002
   9.8558839536368875E-003
   3.8408463492014518E-003
   3.0498321963820171E-004
  -1.3576211621125808E-003
  -1.7883022670864416E-003
  -1.5764204835788710E-003
  -1.2104167294234539E-003
  -1.1017887535519975E-003
  -1.6653438299570836E-003
  -3.3718238657838382E-003
  -6.6879977042953826E-003
  -1.1907805501245438E-002
  -1.8989373670985035E-002
  -2.7539739869598363E-002
  -3.6988367338320664E-002
  -4.6839044928274134E-002
  -5.6818727539709311E-002
  -6.6817261089438626E-002
  -7.6679579020772659E-002
  -8.6034589543733719E-002
  -9.4312919442651758E-002
 -0.10094773873180622     
 -0.10561209611183074     
 -0.10832966058385993     
 -0.10938900475358378     
 -0.10911241136081412     
 -0.10760715752533051     
 -0.10462872850720041     
  -9.9625390832149094E-002
  -9.1958190838198728E-002
  -8.1232515742081721E-002
  -6.7626455164281091E-002
  -5.2051512683771325E-002
  -3.6000810503853162E-002
  -2.1104308419009978E-002
  -8.6259628910670058E-003
   8.2169197530493430E-004
   7.2567835106526870E-003
   1.1119977106181374E-002
   1.3048934902517285E-002
   1.3730077068678638E-002
   1.3832735467646119E-002
   1.3983566158181545E-002
   1.4736583045722612E-002
   1.6522913225748975E-002
   1.9602662436064944E-002
   2.4059186231356170E-002
   2.9854151160731344E-002
   3.6912821224623513E-002
   4.5173477789338938E-002
   5.4549981111079865E-002
   6.4823587310111633E-002
   7.5551913889188721E-002
   8.6089515933034211E-002
   9.5731705022481461E-002
  0.10388741267429816     
  0.11015744738773271     
  0.11426789854186584     
  0.11591910574685543     
  0.11467615706025241     
  0.11001090187957203     
  0.10152126495170145     
   8.9243034570566135E-002
   7.3886048869637816E-002
   5.6826712407944235E-002
   3.9804554973484695E-002
   2.4454501877628085E-002
   1.1917172790637181E-002
   2.6966196246128948E-003
  -3.2529603336912635E-003
  -6.3514088583484958E-003
  -7.2417888008714480E-003
  -6.6851585595205888E-003
  -5.4665610138798712E-003
  -4.2892598556231870E-003
  -3.6775352206365013E-003
  -3.9378948417816521E-003
  -5.2130765878482229E-003
  -7.6035384993160121E-003
  -1.1271577045887887E-002
  -1.6441420793394168E-002
  -2.3279276458645654E-002
  -3.1733287774653278E-002
  -4.1458489769553845E-002
  -5.1895733247638375E-002
  -6.2448805861904537E-002
  -7.2624131939852357E-002
  -8.2045802279458166E-002
  -9.0384784182009723E-002
  -9.7314888063383884E-002
 -0.10256211124709684     
 -0.10600213504737145     
 -0.10769362643651098     
 -0.10777406303937297     
 -0.10625428148051441     
 -0.10284254076836236     
  -9.6947256169641449E-002
  -8.7933973041492308E-002
  -7.5566085986001189E-002
  -6.0400024697311809E-002
  -4.3844729973610108E-002
  -2.7747597928897139E-002
  -1.3705068366532749E-002
  -2.5404632928527262E-003
   5.7380130016498202E-003
   1.1584581903349779E-002
   1.5511610820211368E-002
   1.7894504890420351E-002
   1.9004860902028679E-002
   1.9137274041591747E-002
   1.8697422285910918E-002
   1.8203174091053490E-002
   1.8224139266970522E-002
   1.9304806690025014E-002
   2.1894439183510733E-002
   2.6283009963378460E-002
   3.2544451620950009E-002
   4.0509282478045895E-002
   4.9796680113780405E-002
   5.9908901556477573E-002
   7.0342848060080440E-002
   8.0649132768815468E-002
   9.0401996812473226E-002
   9.9115889985476269E-002
  0.10619395527766758     
  0.11097128748504761     
  0.11283703659368341     
  0.11135296543991867     
  0.10629513044509843     
   9.7630213873480448E-002
   8.5523416181171555E-002
   7.0460898823293969E-002
   5.3428205217095182E-002
   3.5936843000568083E-002
   1.9735918952257507E-002
   6.3100559870565009E-003
  -3.5262019798585243E-003
  -9.7167930293872284E-003
  -1.2774030417467445E-002
  -1.3492243324827891E-002
  -1.2707385039689229E-002
  -1.1149133750653663E-002
  -9.3798940245984272E-003
  -7.8058894343140473E-003
  -6.7422612077118488E-003
  -6.4991395946744166E-003
  -7.4386863563970784E-003
  -9.9552890139566631E-003
  -1.4365865886170018E-002
  -2.0755943946296481E-002
  -2.8876567271435859E-002
  -3.8183024964247851E-002
  -4.8025299674971926E-002
  -5.7880984825714778E-002
  -6.7467526149697962E-002
  -7.6656631654551680E-002
  -8.5277486853926818E-002
  -9.2983619878988635E-002
  -9.9293938149729297E-002
 -0.10376893740219137     
 -0.10617189462656713     
 -0.10647263164640669     
 -0.10467534863740692     
 -0.10060378136806847     
  -9.3839148513922332E-002
  -8.3926143547361873E-002
  -7.0780696917367589E-002
  -5.5048484153761630E-002
  -3.8116373586234285E-002
  -2.1689710225872828E-002
  -7.2050672502965533E-003
   4.5147780960261251E-003
   1.3217638196840969E-002
   1.8995290779481179E-002
   2.2138354716102614E-002
   2.3131623574911317E-002
   2.2665114920439607E-002
   2.1541405085816649E-002
   2.0490659366562469E-002
   2.0008138342837233E-002
   2.0319594407157089E-002
   2.1485007613185333E-002
   2.3556170820404825E-002
   2.6678232629129217E-002
   3.1078784154024253E-002
   3.6970991967499818E-002
   4.4443844072186212E-002
   5.3394520403440185E-002
   6.3506050216360188E-002
   7.4245612833127000E-002
   8.4879526846906139E-002
   9.4533145476223795E-002
  0.10231281164229389     
  0.10745211094308579     
  0.10940702659613827     
  0.10785565382003427     
  0.10263947941174184     
   9.3743648752281333E-002
   8.1389054676345510E-002
   6.6196559306918118E-002
   4.9271743005396669E-002
   3.2075780223166303E-002
   1.6108940674465763E-002
   2.5787148329004072E-003
  -7.7905790034988286E-003
  -1.4778355685171787E-002
  -1.8586764037526526E-002
  -1.9730682906760486E-002
  -1.8926309201911597E-002
  -1.6971013437742283E-002
  -1.4608714557430848E-002
  -1.2407329696246302E-002
  -1.0706371949002673E-002
  -9.6807118988340660E-003
  -9.4972280029789607E-003
  -1.0460878043365084E-002
  -1.3028843241349135E-002
  -1.7646739388149594E-002
  -2.4489669871830332E-002
  -3.3284025650137369E-002
  -4.3354080277038409E-002
  -5.3875801199295109E-002
  -6.4157752883826788E-002
  -7.3760543627755748E-002
  -8.2418941653820244E-002
  -8.9893251954512768E-002
  -9.5902964941469659E-002
 -0.10018248218058751     
 -0.10256860515729888     
 -0.10300162616914300     
 -0.10140557351521859     
  -9.7528353713066396E-002
  -9.0888946906227328E-002
  -8.0953439994845472E-002
  -6.7530056476129321E-002
  -5.1178522749373304E-002
  -3.3318886505980139E-002
  -1.5869576858255161E-002
  -5.9691861169560052E-004
   1.1411031031676653E-002
   1.9870903942464265E-002
   2.5092102239690106E-002
   2.7675142473691405E-002
   2.8302877906209292E-002
   2.7647233703126675E-002
   2.6324917124735607E-002
   2.4851396124001730E-002
   2.3602328214696405E-002
   2.2822607252638648E-002
   2.2698226411599715E-002
   2.3452395962971079E-002
   2.5394295279239192E-002
   2.8869022199638088E-002
   3.4123418910911509E-002
   4.1168552122865763E-002
   4.9730596621472972E-002
   5.9320292576246110E-002
   6.9361992983977785E-002
   7.9282260714660296E-002
   8.8503494579119921E-002
   9.6380464956719383E-002
  0.10217050822815585     
  0.10509331035275873     
  0.10445663421910907     
   9.9785654826284334E-002
   9.0926607120077121E-002
   7.8145106727983193E-002
   6.2227416858351828E-002
   4.4511343512673655E-002
   2.6725954652678491E-002
   1.0616315157461460E-002
  -2.4940065590795201E-003
  -1.1989540213757722E-002
  -1.7993962675811642E-002
  -2.1177455591850879E-002
  -2.2435828300897104E-002
  -2.2556907781543862E-002
  -2.1998868116966361E-002
  -2.0873052720867345E-002
  -1.9128456297020958E-002
  -1.6823318843228054E-002
  -1.4319512278543386E-002
  -1.2285093558815324E-002
  -1.1509745121299193E-002
  -1.2650009039283297E-002
  -1.6048936038772083E-002
  -2.1701251194837207E-002
  -2.9327989072188046E-002
  -3.8474749494957043E-002
  -4.8581164137410683E-002
  -5.9031195531383154E-002
  -6.9214658596811154E-002
  -7.8597168377840185E-002
  -8.6760725377808448E-002
  -9.3389647716059704E-002
  -9.8221646152698627E-002
 -0.10100764588563270     
 -0.10150283789237363     
  -9.9474001621220054E-002
  -9.4699257085422178E-002
  -8.6970651699452284E-002
  -7.6153415216291043E-002
  -6.2348422253030882E-002
  -4.6113524417643457E-002
  -2.8580314883769047E-002
  -1.1298919981409901E-002
   4.1699054235312489E-003
   1.6680230634927726E-002
   2.5707306120298090E-002
   3.1299340556668574E-002
   3.3904452825003165E-002
   3.4200534915151924E-002
   3.2965477185504070E-002
   3.0964896080162341E-002
   2.8840082421618323E-002
   2.7019754233703709E-002
   2.5706480812562157E-002
   2.4967129400976638E-002
   2.4890888451242224E-002
   2.5718565373495601E-002
   2.7849465674274022E-002
   3.1705312355364508E-002
   3.7524550059935699E-002
   4.5208859824603709E-002
   5.4311827341101418E-002
   6.4166465480623491E-002
   7.4057296635412731E-002
   8.3321346238399346E-002
   9.1329349209008426E-002
   9.7399901218986520E-002
  0.10075091467590054     
  0.10056308006844326     
   9.6163560402339990E-002
   8.7281518073970471E-002
   7.4276725508490293E-002
   5.8203892842242408E-002
   4.0619425429505501E-002
   2.3197807136763057E-002
   7.3659196128351267E-003
  -5.8832942113618957E-003
  -1.6011425261321786E-002
  -2.2893824162199403E-002
  -2.6767787500543348E-002
  -2.8148128120321830E-002
  -2.7696163480493866E-002
  -2.6078856545035310E-002
  -2.3871082852820084E-002
  -2.1520859811514217E-002
  -1.9357579714499470E-002
  -1.7614500435679165E-002
  -1.6456680573114012E-002
  -1.6023874160203649E-002
  -1.6490174887681279E-002
  -1.8114036963014200E-002
  -2.1233936382884930E-002
  -2.6182328207683028E-002
  -3.3138892998321630E-002
  -4.1989022930897804E-002
  -5.2261622385671794E-002
  -6.3185974315614415E-002
  -7.3849817804433796E-002
  -8.3389084977017400E-002
  -9.1125584341636659E-002
  -9.6606968132438714E-002
  -9.9565816115412709E-002
  -9.9849761281564253E-002
  -9.7362103471352213E-002
  -9.2022546254814874E-002
  -8.3751472789708500E-002
  -7.2504517667002222E-002
  -5.8397756248465424E-002
  -4.1915522764570889E-002
  -2.4083941130435518E-002
  -6.4246010366828419E-003
   9.3974583591941961E-003
   2.2078362450843166E-002
   3.1032343908762174E-002
   3.6414135840884009E-002
   3.8869543569050140E-002
   3.9215378321553335E-002
   3.8205451914573654E-002
   3.6423898375062179E-002
   3.4273187090226559E-002
   3.2014322269157791E-002
   2.9835936342678476E-002
   2.7939038207230742E-002
   2.6612710948882748E-002
   2.6259332602530758E-002
   2.7333939571374449E-002
   3.0205584296754035E-002
   3.5008954599529248E-002
   4.1580719614782664E-002
   4.9526972221140560E-002
   5.8369257952034473E-002
   6.7648194434850345E-002
   7.6891896075443500E-002
   8.5469899258845489E-002
   9.2466643682869984E-002
   9.6724040818231188E-002
   9.7094775660759691E-002
   9.2800730464291187E-002
   8.3722135929503685E-002
   7.0488791077012558E-002
   5.4347830504576811E-002
   3.6875766196010323E-002
   1.9653280358497088E-002
   4.0126107590258593E-003
  -9.0978170106623107E-003
  -1.9158118061998564E-002
  -2.6073403625777071E-002
  -3.0127250251551514E-002
  -3.1869776949872815E-002
  -3.1942628323005727E-002
  -3.0899238367468652E-002
  -2.9107829356378706E-002
  -2.6787552360235639E-002
  -2.4142562961459103E-002
  -2.1488161588641891E-002
  -1.9267001471492070E-002
  -1.7938854872265472E-002
  -1.7834174540233814E-002
  -1.9097527803696626E-002
  -2.1768537664055444E-002
  -2.5916676289526517E-002
  -3.1681718809611299E-002
  -3.9142808323558612E-002
  -4.8100568587373417E-002
  -5.7968421648369385E-002
  -6.7903259743397393E-002
  -7.7097239193100534E-002
  -8.5003472258366519E-002
  -9.1326506957360318E-002
  -9.5806339381839412E-002
  -9.7983380869009803E-002
  -9.7140892580098767E-002
  -9.2497124980306100E-002
  -8.3560961799172037E-002
  -7.0469354562588571E-002
  -5.4123613504045806E-002
  -3.6024093599914792E-002
  -1.7857414517689983E-002
  -1.0518584537866922E-003
   1.3461257812286407E-002
   2.5218580611287771E-002
   3.4070950830743095E-002
   4.0074121616331629E-002
   4.3462305606634798E-002
   4.4634033351111359E-002
   4.4089571231607214E-002
   4.2334390083351457E-002
   3.9808839044878919E-002
   3.6883124575152339E-002
   3.3900962156396520E-002
   3.1220242523860447E-002
   2.9212339481913298E-002
   2.8223836846619332E-002
   2.8533770612053797E-002
   3.0333345323625194E-002
   3.3726323001555820E-002
   3.8727294564897471E-002
   4.5240480423094344E-002
   5.3025112575075334E-002
   6.1669225262580639E-002
   7.0585341117064576E-002
   7.9019595930366532E-002
   8.6059289568732211E-002
   9.0650876427928351E-002
   9.1683894724709863E-002
   8.8208274019931837E-002
   7.9786083699169397E-002
   6.6835907602574129E-002
   5.0711906248515334E-002
   3.3346225963353730E-002
   1.6602144674705107E-002
   1.7469458841352262E-003
  -1.0655971422344276E-002
  -2.0504521294033462E-002
  -2.7860716229980900E-002
  -3.2814504127169491E-002
  -3.5513540370948074E-002
  -3.6237476984171124E-002
  -3.5409330222691007E-002
  -3.3524197062448247E-002
  -3.1049645956179497E-002
  -2.8364636033787752E-002
  -2.5761508165015917E-002
  -2.3484358212757524E-002
  -2.1762179338035568E-002
  -2.0821154518593149E-002
  -2.0891356181556991E-002
  -2.2222171305554983E-002
  -2.5088015555696661E-002
  -2.9740342424035508E-002
  -3.6285270833013257E-002
  -4.4534378619478655E-002
  -5.3931957436648942E-002
  -6.3643674227461186E-002
  -7.2790442621101945E-002
  -8.0692044753187198E-002
  -8.6953056082841471E-002
  -9.1331888356772334E-002
  -9.3503870382537060E-002
  -9.2913975284004371E-002
  -8.8851056714657178E-002
  -8.0728575381989714E-002
  -6.8429924141258480E-002
  -5.2534191851539021E-002
  -3.4296115651936604E-002
  -1.5380322059113114E-002
   2.5279556381953387E-003
   1.8070628982442289E-002
   3.0413023060610372E-002
   3.9274548372288283E-002
   4.4841696049169925E-002
   4.7620199265877981E-002
   4.8269419542374986E-002
   4.7452110195038186E-002
   4.5727857284380523E-002
   4.3507990884085863E-002
   4.1068434502288996E-002
   3.8595014899403285E-002
   3.6231447919277723E-002
   3.4117371863042638E-002
   3.2423079326983933E-002
   3.1386869853026439E-002
   3.1339901195479601E-002
   3.2685007500563371E-002
   3.5805097104655889E-002
   4.0915657404492455E-002
   4.7918456903670303E-002
   5.6325793030903744E-002
   6.5293650043068974E-002
   7.3748212622088472E-002
   8.0551670122960523E-002
   8.4654325276635772E-002
   8.5210961749917088E-002
   8.1671093053584540E-002
   7.3865499288251840E-002
   6.2099799722704213E-002
   4.7225918950873649E-002
   3.0609909846137470E-002
   1.3914202946530067E-002
  -1.2811594769674517E-003
  -1.3853573915202054E-002
  -2.3327117046601679E-002
  -2.9824394820752068E-002
  -3.3862540507268231E-002
  -3.6103701573651725E-002
  -3.7134512360864812E-002
  -3.7323778994981856E-002
  -3.6797812033650915E-002
  -3.5540032925036102E-002
  -3.3559989357126063E-002
  -3.1031371611346635E-002
  -2.8314966249971700E-002
  -2.5860177701714251E-002
  -2.4066670751471717E-002
  -2.3216670252561772E-002
  -2.3525562928897098E-002
  -2.5247208598948273E-002
  -2.8704387958713259E-002
  -3.4159026420480278E-002
  -4.1572487238967858E-002
  -5.0433347648539947E-002
  -5.9825137431499385E-002
  -6.8735694444708131E-002
  -7.6404921169110615E-002
  -8.2462119398027112E-002
  -8.6766155104998299E-002
  -8.9085852084934428E-002
  -8.8866006727998673E-002
  -8.5263936444725755E-002
  -7.7482832145873842E-002
  -6.5258530818954552E-002
  -4.9229470836699235E-002
  -3.0913911278180151E-002
  -1.2231311673671011E-002
   5.1484672437653711E-003
   2.0198656987464227E-002
   3.2492248394000015E-002
   4.1918671173682760E-002
   4.8470508925920891E-002
   5.2230847664466548E-002
   5.3472223478678506E-002
   5.2706643329875909E-002
   5.0603947768089949E-002
   4.7819604435462057E-002
   4.4842519401145878E-002
   4.1951059877708502E-002
   3.9282668866614835E-002
   3.6946765392547258E-002
   3.5096823022658624E-002
   3.3929119814485098E-002
   3.3642909974327090E-002
   3.4419059264140378E-002
   3.6434673662237974E-002
   3.9871288819899792E-002
   4.4854311097419872E-002
   5.1309296746811492E-002
   5.8805389933200274E-002
   6.6501878250244839E-002
   7.3260533841312217E-002
   7.7867272320487221E-002
   7.9239761203312886E-002
   7.6559260447677219E-002
   6.9386293489977213E-002
   5.7846698350746302E-002
   4.2837340751747409E-002
   2.6029685693089034E-002
   9.4874963590414058E-003
  -4.9866489066138549E-003
  -1.6397260647597944E-002
  -2.4683501747359868E-002
  -3.0429469481049541E-002
  -3.4400418648603825E-002
  -3.7170547149049875E-002
  -3.8983049284102136E-002
  -3.9832628158138476E-002
  -3.9658524987016434E-002
  -3.8511584769251865E-002
  -3.6608546363516556E-002
  -3.4275133955086960E-002
  -3.1849057541296931E-002
  -2.9619770889188858E-002
  -2.7829883092371457E-002
  -2.6706506325503539E-002
  -2.6478758783727616E-002
  -2.7370457582342356E-002
  -2.9589734601057145E-002
  -3.3327279598634803E-002
  -3.8731824419559191E-002
  -4.5814860310874762E-002
  -5.4292807754812884E-002
  -6.3472047423529021E-002
  -7.2311853690461003E-002
  -7.9683747504774416E-002
  -8.4668925031878658E-002
  -8.6693247750921881E-002
  -8.5448906820690784E-002
  -8.0734525227391274E-002
  -7.2394983527115819E-002
  -6.0444062507163561E-002
  -4.5295252608823174E-002
  -2.7916384629185477E-002
  -9.7458147322898522E-003
   7.6366463866655307E-003
   2.2914523871342067E-002
   3.5297070871887312E-002
   4.4540664182583817E-002
   5.0800508052080008E-002
   5.4454322484418935E-002
   5.5982829958585639E-002
   5.5899372813052101E-002
   5.4684252369349838E-002
   5.2712324180434117E-002
   5.0213408021178033E-002
   4.7311783663441118E-002
   4.4136508315460614E-002
   4.0926797360878356E-002
   3.8047058861329912E-002
   3.5895204013909332E-002
   3.4778146296294221E-002
   3.4855589297635110E-002
   3.6188546203278403E-002
   3.8828231732228914E-002
   4.2833663385164776E-002
   4.8160030418918691E-002
   5.4477935855730443E-002
   6.1065344380423353E-002
   6.6879054037930707E-002
   7.0783972490203517E-002
   7.1808113954610259E-002
   6.9295159329847811E-002
   6.2940578728121574E-002
   5.2813160745628529E-002
   3.9450729041008221E-002
   2.3965670527817576E-002
   7.9701146238963690E-003
  -6.7869159437517028E-003
  -1.8934828117850282E-002
  -2.7859134382042433E-002
  -3.3738704941948389E-002
  -3.7266702312172009E-002
  -3.9247791257547952E-002
  -4.0283846088078702E-002
  -4.0665720675459496E-002
  -4.0457947103162049E-002
  -3.9668897631845973E-002
  -3.8383389718314981E-002
  -3.6790106202630374E-002
  -3.5115715978356922E-002
  -3.3533621710527581E-002
  -3.2123549205049506E-002
  -3.0919511479686097E-002
  -3.0021727551374743E-002
  -2.9700133806522758E-002
  -3.0410729465941859E-002
  -3.2683755251892287E-002
  -3.6909422661590953E-002
  -4.3115688213680066E-002
  -5.0860683273546280E-002
  -5.9311936212450782E-002
  -6.7472543175354838E-002
  -7.4422099566751027E-002
  -7.9441635676448311E-002
  -8.1982983555706726E-002
  -8.1553945381539969E-002
  -7.7649591897774844E-002
  -6.9835780058759400E-002
  -5.7993929231760770E-002
  -4.2605959451907302E-002
  -2.4869383135855627E-002
  -6.4857655575553978E-003
   1.0816151803080713E-002
   2.5749004386953635E-002
   3.7672065877346214E-002
   4.6508016365515048E-002
   5.2534257277737681E-002
   5.6204025425730005E-002
   5.8033882479059599E-002
   5.8516733536146066E-002
   5.8033850150553179E-002
   5.6793187183811329E-002
   5.4843936237271115E-002
   5.2183298090624858E-002
   4.8906735681660929E-002
   4.5307769288297099E-002
   4.1851200709003597E-002
   3.9026882262402210E-002
   3.7182149806492940E-002
   3.6450739847883933E-002
   3.6820751305535297E-002
   3.8273520744883924E-002
   4.0866912169777461E-002
   4.4673952383771927E-002
   4.9594255821569962E-002
   5.5156686775750481E-002
   6.0454051618597300E-002
   6.4276859223302465E-002
   6.5400119177891056E-002
   6.2907331676512940E-002
   5.6441384290884473E-002
   4.6316712324796748E-002
   3.3466700568301255E-002
   1.9235444635334113E-002
   5.0691838524097883E-003
  -7.7993365485542372E-003
  -1.8580400109823439E-002
  -2.7009649792562235E-002
  -3.3266083797524944E-002
  -3.7763251555341638E-002
  -4.0907508849554651E-002
  -4.2936608323282943E-002
  -4.3907188912466762E-002
  -4.3813606264132172E-002
  -4.2745336702664255E-002
  -4.0970442377374780E-002
  -3.8886155688242274E-002
  -3.6876191223595950E-002
  -3.5183385659595001E-002
  -3.3886513318545142E-002
  -3.2982899715089012E-002
  -3.2501948385205204E-002
  -3.2565806389862624E-002
  -3.3368804811531129E-002
  -3.5115808625095314E-002
  -3.7979339923306620E-002
  -4.2087610628864562E-002
  -4.7493047782528067E-002
  -5.4070532825549869E-002
  -6.1372515163676276E-002
  -6.8550234409700719E-002
  -7.4442663853049831E-002
  -7.7829314410154851E-002
  -7.7730916870698594E-002
  -7.3615819343866712E-002
  -6.5442823591126853E-002
  -5.3585124827201319E-002
  -3.8747594110035186E-002
  -2.1945265424413201E-002
  -4.4840847315877064E-003
   1.2186461933378091E-002
   2.6785735202145187E-002
   3.8535498068889902E-002
   4.7303143476865303E-002
   5.3467659631192092E-002
   5.7609696108601706E-002
   6.0215704362079979E-002
   6.1538878515567719E-002
   6.1644343609372702E-002
   6.0562223110694806E-002
   5.8430529300221475E-002
   5.5542630347674760E-002
   5.2289506753066553E-002
   4.9049793808049039E-002
   4.6095762832392827E-002
   4.3558385498469583E-002
   4.1459917965155323E-002
   3.9798269802804313E-002
   3.8651071281247881E-002
   3.8249102111961274E-002
   3.8956569275642283E-002
   4.1117543964521205E-002
   4.4799528604245381E-002
   4.9554543372143878E-002
   5.4354713935445602E-002
   5.7794444590744419E-002
   5.8509934293086943E-002
   5.5633562766409135E-002
   4.9061094621301080E-002
   3.9404370795985300E-002
   2.7692368900270367E-002
   1.5034106816476151E-002
   2.4276909349592417E-003
  -9.2804561783023983E-003
  -1.9414445850965339E-002
  -2.7549706543164104E-002
  -3.3606114021432182E-002
  -3.7843854470794865E-002
  -4.0716920327616396E-002
  -4.2653854128886247E-002
  -4.3896844625582840E-002
  -4.4489985522281020E-002
  -4.4399143471792787E-002
  -4.3655314821423756E-002
  -4.2410394980642717E-002
  -4.0877006397593535E-002
  -3.9223232501800320E-002
  -3.7529239370914666E-002
  -3.5856663644735470E-002
  -3.4378035450678981E-002
  -3.3448809060831419E-002
  -3.3536058017884555E-002
  -3.5025059436364761E-002
  -3.8026789782036448E-002
  -4.2322602507083085E-002
  -4.7482310198670330E-002
  -5.3049854373341969E-002
  -5.8635131656614638E-002
  -6.3843157150763288E-002
  -6.8129107593256619E-002
  -7.0738599809151703E-002
  -7.0812238078277218E-002
  -6.7592287346541602E-002
  -6.0616283344751325E-002
  -4.9851162645161429E-002
  -3.5789336839011761E-002
  -1.9484696878756272E-002
  -2.4242927833100242E-003
   1.3814290313650220E-002
   2.7979667406972712E-002
   3.9404735823830708E-002
   4.8004740886408603E-002
   5.4099282978877637E-002
   5.8193476037865233E-002
   6.0795370338908111E-002
   6.2292712297289735E-002
   6.2899011250433040E-002
   6.2674407596947965E-002
   6.1606344271187850E-002
   5.9709663334489682E-002
   5.7097968701747388E-002
   5.3995450264238944E-002
   5.0691203384662993E-002
   4.7468848185649698E-002
   4.4555653434484928E-002
   4.2119269418545505E-002
   4.0305267364157842E-002
   3.9277203935640291E-002
   3.9213575791045764E-002
   4.0238254482799184E-002
   4.2301843993881254E-002
   4.5070162378973579E-002
   4.7888334784168825E-002
   4.9859570559978764E-002
   5.0022176743374301E-002
   4.7569836169975101E-002
   4.2060901711843166E-002
   3.3572816944533332E-002
   2.2746772762840015E-002
   1.0667562817909350E-002
  -1.4121091155693843E-003
  -1.2395069997366190E-002
  -2.1570726447519829E-002
  -2.8681861110767308E-002
  -3.3850575027418991E-002
  -3.7433677679542872E-002
  -3.9872162615196563E-002
  -4.1573057167829892E-002
  -4.2836494777979114E-002
  -4.3824106115067894E-002
  -4.4559518803733038E-002
  -4.4955272110772236E-002
  -4.4864721060852104E-002
  -4.4155496511377505E-002
  -4.2792187636333093E-002
  -4.0904214653126998E-002
  -3.8806635631112842E-002
  -3.6947276801425719E-002
  -3.5783577867594597E-002
  -3.5639492945573545E-002
  -3.6621652410904350E-002
  -3.8648679100276619E-002
  -4.1572348961846618E-002
  -4.5294054325491100E-002
  -4.9765065886718932E-002
  -5.4833485903465359E-002
  -6.0029012306358362E-002
  -6.4459941767365275E-002
  -6.6950188382551803E-002
  -6.6389599591540310E-002
  -6.2123066443241552E-002
  -5.4165808986689046E-002
  -4.3131221163723352E-002
  -2.9939945704495249E-002
  -1.5519784055636480E-002
  -6.8217576932824904E-004
   1.3819672203570466E-002
   2.7214281693981858E-002
   3.8770559023347168E-002
   4.7981027935879272E-002
   5.4721194098979360E-002
   5.9251469241016916E-002
   6.2053043352315838E-002
   6.3601812976602404E-002
   6.4211055102078640E-002
   6.4015786981437575E-002
   6.3074750641400099E-002
   6.1491695019408980E-002
   5.9456064425929177E-002
   5.7175925587787571E-002
   5.4768651357727988E-002
   5.2214968203120778E-002
   4.9434112920117755E-002
   4.6436951155143028E-002
   4.3443148242535638E-002
   4.0867212175187941E-002
   3.9167739933815886E-002
   3.8641518363243359E-002
   3.9270197799702880E-002
   4.0684778200004837E-002
   4.2239458414529599E-002
   4.3137393781564518E-002
   4.2562432839637759E-002
   3.9820601028996358E-002
   3.4513005324834325E-002
   2.6706379849117435E-002
   1.6992295934175429E-002
   6.3406815063624666E-003
  -4.2115070381244773E-003
  -1.3860563298902961E-002
  -2.2162292034108435E-002
  -2.8970129241781814E-002
  -3.4300183806450252E-002
  -3.8240978365062239E-002
  -4.0938674304065371E-002
  -4.2610719301830691E-002
  -4.3530056652575567E-002
  -4.3967639315023330E-002
  -4.4130061387044034E-002
  -4.4135145808790341E-002
  -4.4031685342922199E-002
  -4.3831577438119204E-002
  -4.3520965497028573E-002
  -4.3051658051923847E-002
  -4.2349541964585721E-002
  -4.1372782304092630E-002
  -4.0204647379113390E-002
  -3.9116191359929386E-002
  -3.8533122321183680E-002
  -3.8898756898518294E-002
  -4.0501190316368674E-002
  -4.3364630358735917E-002
  -4.7253046823241440E-002
  -5.1735113852077637E-002
  -5.6214677912268501E-002
  -5.9902888047121385E-002
  -6.1827419061240250E-002
  -6.0996985392858680E-002
  -5.6713907998060115E-002
  -4.8869386552334908E-002
  -3.8022621152279501E-002
  -2.5191891642079082E-002
  -1.1477359018793820E-002
   2.2479944052348896E-003
   1.5403556732876942E-002
   2.7555320170347255E-002
   3.8263002897684611E-002
   4.7093267211142806E-002
   5.3787604136112832E-002
   5.8422795857464307E-002
   6.1406803321826853E-002
   6.3287115976303765E-002
   6.4494126995961312E-002
   6.5186145675341547E-002
   6.5279395189978676E-002
   6.4611655791382672E-002
   6.3109415434706703E-002
   6.0854898337392313E-002
   5.8043708750958815E-002
   5.4903498314627847E-002
   5.1649188590812849E-002
   4.8488370022740500E-002
   4.5627467758817562E-002
   4.3229700481821107E-002
   4.1339972092777719E-002
   3.9851281413805999E-002
   3.8570561793089347E-002
   3.7348233435921314E-002
   3.6146525943001932E-002
   3.4937688381951701E-002
   3.3471945760248721E-002
   3.1131064766352818E-002
   2.7094983117450653E-002
   2.0805048744966317E-002
   1.2396491355331156E-002
   2.7354145806185786E-003
  -6.9849459281161857E-003
  -1.5778933419556374E-002
  -2.3174333994275414E-002
  -2.9167842778978541E-002
  -3.3969451761554796E-002
  -3.7763231483020139E-002
  -4.0625390509134468E-002
  -4.2591118967158358E-002
  -4.3762807721585167E-002
  -4.4352264373109136E-002
  -4.4622487365942945E-002
  -4.4775885401130935E-002
  -4.4871454027185592E-002
  -4.4828816054147826E-002
  -4.4517050241483939E-002
  -4.3872785417147689E-002
  -4.2976138063609150E-002
  -4.2040033121009408E-002
  -4.1320731879621576E-002
  -4.1005379652234740E-002
  -4.1147756971725673E-002
  -4.1694626760588237E-002
  -4.2585861119715997E-002
  -4.3854382137368440E-002
  -4.5633858618851324E-002
  -4.8027692046768988E-002
  -5.0889304413318202E-002
  -5.3649349473959849E-002
  -5.5330238373874983E-002
  -5.4797374131777744E-002
  -5.1158295132217736E-002
  -4.4111481989601464E-002
  -3.4047606321863141E-002
  -2.1855570404650266E-002
  -8.5875162135814111E-003
   4.7958687087285646E-003
   1.7506733672498262E-002
   2.8917996538822748E-002
   3.8580649224320564E-002
   4.6297129677645023E-002
   5.2171192335200942E-002
   5.6550146849422341E-002
   5.9862695320904158E-002
   6.2439281242551208E-002
   6.4412038037741259E-002
   6.5735258782411363E-002
   6.6293945317633426E-002
   6.6023347083820697E-002
   6.4968915924123613E-002
   6.3264354845767576E-002
   6.1060360568545184E-002
   5.8462681737512637E-002
   5.5522677561136220E-002
   5.2281219440175296E-002
   4.8827252264037814E-002
   4.5321880938673731E-002
   4.1963887685572188E-002
   3.8915284655433743E-002
   3.6234361600608944E-002
   3.3854800076013630E-002
   3.1608550779425704E-002
   2.9255186879535100E-002
   2.6490356514487352E-002
   2.2957352980635774E-002
   1.8321631019539857E-002
   1.2427293993331553E-002
   5.4527530503486509E-003
  -2.0744708294577205E-003
  -9.4684456842212966E-003
  -1.6183805866703007E-002
  -2.2026607187165849E-002
  -2.7140302223336174E-002
  -3.1793044741670148E-002
  -3.6120966651916074E-002
  -3.9993738999312592E-002
  -4.3080004160014999E-002
  -4.5063841662590760E-002
  -4.5868907287721590E-002
  -4.5744198464027420E-002
  -4.5161052814430939E-002
  -4.4593962372951775E-002
  -4.4319575995071837E-002
  -4.4340186299918913E-002
  -4.4454487804450188E-002
  -4.4415025009910548E-002
  -4.4075773204576091E-002
  -4.3460633667241920E-002
  -4.2744234075606562E-002
  -4.2180260086731473E-002
  -4.2017413319721704E-002
  -4.2426009792769032E-002
  -4.3444683754353675E-002
  -4.4953558901244528E-002
  -4.6678570806483063E-002
  -4.8224025023617736E-002
  -4.9120187915711350E-002
  -4.8869578910289535E-002
  -4.6987589190704893E-002
  -4.3055020357308058E-002
  -3.6807982979816231E-002
  -2.8259913870830031E-002
  -1.7793452763197319E-002
  -6.1336242914841023E-003
   5.8304454793910504E-003
   1.7296106676413767E-002
   2.7726127050186091E-002
   3.6867461604660701E-002
   4.4646192421930679E-002
   5.1051209219001678E-002
   5.6091708940098219E-002
   5.9828284678890398E-002
   6.2414201325822836E-002
   6.4085584770872325E-002
   6.5092362986022778E-002
   6.5615834640170886E-002
   6.5729278183640300E-002
   6.5420138508542489E-002
   6.4642632845769266E-002
   6.3353043100871184E-002
   6.1508820674026188E-002
   5.9056443899152648E-002
   5.5948454884338007E-002
   5.2200334255482067E-002
   4.7947317968133708E-002
   4.3439126070640439E-002
   3.8949783383748195E-002
   3.4655832780462942E-002
   3.0575793591104263E-002
   2.6616651047997087E-002
   2.2674905932653290E-002
   1.8685806771148453E-002
   1.4571063977422812E-002
   1.0161998895571284E-002
   5.2328134846907487E-003
  -3.2719834614293453E-004
  -6.3455557504935667E-003
  -1.2381887259480286E-002
  -1.7951392761291343E-002
  -2.2791425444219807E-002
  -2.6963293566904235E-002
  -3.0718940006186135E-002
  -3.4252764467845545E-002
  -3.7538602997839343E-002
  -4.0366408049231771E-002
  -4.2530004830294725E-002
  -4.4008176333105178E-002
  -4.4996254600094168E-002
  -4.5763610599221391E-002
  -4.6448056684748072E-002
  -4.6950621806463144E-002
  -4.7019155350252834E-002
  -4.6463775654000124E-002
  -4.5346381351164151E-002
  -4.4004861382904069E-002
  -4.2891261153075330E-002
  -4.2334582577185559E-002
  -4.2388863510279200E-002
  -4.2858835512795235E-002
  -4.3462821318387967E-002
  -4.3999644326773509E-002
  -4.4399062186056187E-002
  -4.4635858150946062E-002
  -4.4597243395890891E-002
  -4.4023241288685441E-002
  -4.2561778167036331E-002
  -3.9871860654939320E-002
  -3.5685795406998275E-002
  -2.9822254588041656E-002
  -2.2219143241129159E-002
  -1.3028338719046963E-002
  -2.7110073521037460E-003
   7.9849502177855025E-003
   1.8219088879407954E-002
   2.7343626105042616E-002
   3.5112952743950217E-002
   4.1686079493385965E-002
   4.7423240693571830E-002
   5.2609691273219676E-002
   5.7276199633302383E-002
   6.1209735726066535E-002
   6.4122674511284755E-002
   6.5858583499244172E-002
   6.6505924017691231E-002
   6.6360810754295771E-002
   6.5775316287418048E-002
   6.4988517550500058E-002
   6.4033171750449550E-002
   6.2755122965477639E-002
   6.0916345433244562E-002
   5.8315334697115827E-002
   5.4864827274618382E-002
   5.0602179573696969E-002
   4.5646219683736625E-002
   4.0138598372916508E-002
   3.4211998791072659E-002
   2.8009508859403325E-002
   2.1739365946452607E-002
   1.5704639049972373E-002
   1.0240370560594618E-002
   5.5558288145623972E-003
   1.5821850297987677E-003
  -2.0373745767969229E-003
  -5.7682392929235349E-003
  -9.9171268077813124E-003
  -1.4456066120691358E-002
  -1.9058752565106779E-002
  -2.3318817520445737E-002
  -2.6991068601381372E-002
  -3.0095227427660236E-002
  -3.2838195392906104E-002
  -3.5436814015499501E-002
  -3.7969139508807544E-002
  -4.0341911304448343E-002
  -4.2377281539677493E-002
  -4.3945327023297606E-002
  -4.5046797998971308E-002
  -4.5795873941167339E-002
  -4.6328138509842832E-002
  -4.6707477607240012E-002
  -4.6897177744685582E-002
  -4.6808418177205623E-002
  -4.6384102381925515E-002
  -4.5656556845366139E-002
  -4.4744508788535232E-002
  -4.3802797082560886E-002
  -4.2967936970723028E-002
  -4.2331713330687012E-002
  -4.1935868564515130E-002
  -4.1752148669968250E-002
  -4.1627116103666942E-002
  -4.1226731418984155E-002
  -4.0061702737384408E-002
  -3.7643440810640701E-002
  -3.3702612912807663E-002
  -2.8307619575774250E-002
  -2.1783028451051512E-002
  -1.4506768076714187E-002
  -6.7607114451993175E-003
   1.2733922371689281E-003
   9.4291699978270218E-003
   1.7499357333655711E-002
   2.5263793499672494E-002
   3.2557358285483486E-002
   3.9296129244582666E-002
   4.5430108227715371E-002
   5.0869525188450698E-002
   5.5463409984051075E-002
   5.9066229356668873E-002
   6.1649283046167902E-002
   6.3367308452634996E-002
   6.4515158215258245E-002
   6.5383589735969166E-002
   6.6095230312030656E-002
   6.6525010885533545E-002
   6.6362674053977611E-002
   6.5282423144213411E-002
   6.3113110884086679E-002
   5.9906753299088733E-002
   5.5874343268733452E-002
   5.1239023985621808E-002
   4.6098923827890256E-002
   4.0380956744069461E-002
   3.3916095520255922E-002
   2.6604720625974604E-002
   1.8594395362028088E-002
   1.0373299076752114E-002
   2.6983374486151549E-003
  -3.6553015156163575E-003
  -8.2233590821141345E-003
  -1.1076176467948494E-002
  -1.2790480493057211E-002
  -1.4179839886413756E-002
  -1.5945500507415979E-002
  -1.8435867112277651E-002
  -2.1607158945413988E-002
  -2.5152983405321606E-002
  -2.8697800917813050E-002
  -3.1949589462342921E-002
  -3.4759481933104804E-002
  -3.7101734960315193E-002
  -3.9024836656531267E-002
  -4.0614910841200690E-002
  -4.1975604527838876E-002
  -4.3204259088438030E-002
  -4.4354281582038690E-002
  -4.5403178361900137E-002
  -4.6259226780379872E-002
  -4.6817102404382818E-002
  -4.7029901103907597E-002
  -4.6940770520616466E-002
  -4.6640542982255381E-002
  -4.6179054201284681E-002
  -4.5507576491277922E-002
  -4.4515914280105234E-002
  -4.3149486649134129E-002
  -4.1508489315994636E-002
  -3.9815516111918824E-002
  -3.8224622904527474E-002
  -3.6595307382421172E-002
  -3.4444907271798227E-002
  -3.1193397315852266E-002
  -2.6557500547365765E-002
  -2.0769507067893808E-002
  -1.4409174232692834E-002
  -7.9829930860816373E-003
  -1.6256296799160533E-003
   4.8313909003652776E-003
   1.1539939901235498E-002
   1.8387928854378007E-002
   2.5029619954561072E-002
   3.1130757385068656E-002
   3.6600439584909883E-002
   4.1618811644624228E-002
   4.6446399850465378E-002
   5.1174897714936218E-002
   5.5619394963664172E-002
   5.9429936162445428E-002
   6.2322499749980956E-002
   6.4247502081562491E-002
   6.5382703265854866E-002
   6.5978740865813207E-002
   6.6182329132520409E-002
   6.5956988804639349E-002
   6.5135530086909935E-002
   6.3540825104489662E-002
