   2.8416409543412135E-002
   4.2338623301040310E-002
   5.5920225605571569E-002
   6.9051953355477175E-002
   8.1628162660572823E-002
   9.3547678740200160E-002
  0.10471460986771458     
  0.11503911881314917     
  0.12443814557784956     
  0.13283607560672583     
  0.14016534810239936     
  0.14636699954739446     
  0.15139113806177809     
  0.15519734478006672     
  0.15775499901835516     
  0.15904352461571231     
  0.15653538487650015     
  0.15145164798194791     
  0.14643976946252485     
  0.14025709446698606     
  0.13293886473585401     
  0.12455823543752266     
  0.11516857332084333     
  0.10485923854104189     
   9.3699589967843319E-002
   8.1792735812279874E-002
   6.9221393087249519E-002
   5.6099506693299300E-002
   4.2520102129493656E-002
   2.8604687898197357E-002
   1.4453231335926114E-002
   1.9127414298344880E-004
  -1.4077849355617867E-002
  -2.8228239234927146E-002
  -4.2156861832006454E-002
  -5.5741161069912303E-002
  -6.8882046102539909E-002
  -8.1463915450169400E-002
  -9.3395120347089633E-002
 -0.10457041776274030     
 -0.11490884466212914     
 -0.12431860440443453     
 -0.13273230329440486     
 -0.14007426415660049     
 -0.14629309342280591     
 -0.15133140587880867     
 -0.15515570789524752     
 -0.15772850841268188     
 -0.15903552155858955     
 -0.15660893531299994     
 -0.15151332692594760     
 -0.14651107493507937     
 -0.14034977272737606     
 -0.13304045472513509     
 -0.12467904054592858     
 -0.11529708563986546     
 -0.10500438624752893     
  -9.3850806185951610E-002
  -8.1957651863072772E-002
  -6.9390373745731510E-002
  -5.6278974004695184E-002
  -4.2701345088987326E-002
  -2.8793014397806897E-002
  -1.4640848172711400E-002
  -3.8247588561909522E-004
   1.3889944566920536E-002
   2.8040245560011688E-002
   4.1974757409538266E-002
   5.5562362425376287E-002
   6.8711637585443117E-002
   8.1300009818481470E-002
   9.3241921526223612E-002
  0.10442663078460648     
  0.11477781087940998     
  0.12419952117901348     
  0.13262767268293205     
  0.13998368160780927     
  0.14621825118381090     
  0.15127221043149131     
  0.15511307796812920     
  0.15770258290951977     
  0.15902648916064824     
  0.15668134403086079     
  0.15157643419843109     
  0.14658073330035351     
  0.14044349694097838     
  0.13314079149264674     
  0.12480056220228238     
  0.11542469913793600     
  0.10514997131051604     
   9.4001439812753607E-002
   8.2122773192516402E-002
   6.9559051165326263E-002
   5.6458458238392607E-002
   4.2882528567190534E-002
   2.8981209558206752E-002
   1.4828614974176871E-002
   5.7343432233856702E-004
  -1.3701713379524949E-002
  -2.7852574772652457E-002
  -4.1792181832183563E-002
  -5.5383937819762252E-002
  -6.8540643447407415E-002
  -8.1136504882532809E-002
  -9.3088051448128303E-002
 -0.10428325051906655     
 -0.11464604748194401     
 -0.12408083375795272     
 -0.13252227972070263     
 -0.13989347055151163     
 -0.14614263770364244     
 -0.15121335204158595     
 -0.15506968985225114     
 -0.15767695290437897     
 -0.15901673153628301     
 -0.15675231836292980     
 -0.15164118659914741     
 -0.14664861510987287     
 -0.14053832138092287     
 -0.13323988370399495     
 -0.12492273909371863     
 -0.11555151704325418     
 -0.10529585710986242     
  -9.4151651554408619E-002
  -8.2287921890319152E-002
  -6.9727612501587849E-002
  -5.6637768368805172E-002
  -4.3063840769017585E-002
  -2.9169092004802853E-002
  -1.5016700783414763E-002
  -7.6399553079315276E-004
   1.3513021381816958E-002
   2.7665340057771923E-002
   4.1609046498567261E-002
   5.5205950481303084E-002
   6.8369028234937429E-002
   8.0973408313214659E-002
   9.2933531748687639E-002
  0.10414022665697553     
  0.11451363417683408     
  0.12396243417688478     
  0.13241626063276860     
  0.13980346802347221     
  0.14606644204640140     
  0.15115461733037486     
  0.15502578003779974     
  0.15765136073809391     
  0.15900652582588023     
  0.15682160782701132     
  0.15170774626327929     
  0.14671465339714557     
  0.14063423455096613     
  0.13333780530664666     
  0.12504544819806115     
  0.11567769827131603     
  0.10544185923447362     
   9.4301640662017447E-002
   8.2452891627617902E-002
   6.9896262744554433E-002
   5.6816706205097836E-002
   4.3245466639914874E-002
   2.9356493517674099E-002
   1.5205252368946862E-002
   9.5403600123006771E-004
  -1.3323771559938828E-002
  -2.7478611507420210E-002
  -4.1425310200117083E-002
  -5.5028413417325978E-002
  -6.8196808023678945E-002
  -8.0810676488601393E-002
  -9.2778433576305025E-002
 -0.10399746268193401     
 -0.11438069208927980     
 -0.12384417927154638     
 -0.13230977927065810     
 -0.13971349227833277     
 -0.14598986203930830     
 -0.15109579524186553     
 -0.15498157065649748     
 -0.15762557597565041     
 -0.15899610838038328     
 -0.15688901570922528     
 -0.15177621198954661     
 -0.14677884897334445     
 -0.14073115747413553     
 -0.13343469367571928     
 -0.12516851000179824     
 -0.11580344918826060     
 -0.10558775628509728     
  -9.4451632090551338E-002
  -8.2617461961705080E-002
  -7.0065209546535070E-002
  -5.6995081835199905E-002
  -4.3427572726237013E-002
  -2.9543273326323928E-002
  -1.5394381266084589E-002
  -1.1434738281147769E-003
   1.3133913360578058E-002
   2.7292409472881762E-002
   4.1240983148403770E-002
   5.4851288129832358E-002
   6.8024048922047317E-002
   8.0648218724750323E-002
   9.2622870755641101E-002
  0.10385482510325070     
  0.11424737241757871     
  0.12372590377904372     
  0.13220301267609874     
  0.13962335808042675     
  0.14591308866019026     
  0.15103669239907172     
  0.15493725499694183     
  0.15759940837423761     
  0.15898566397642858     
  0.15695440701590146     
  0.15184661464630653     
  0.14684127137923894     
  0.14082894639692711     
  0.13353074346632379     
  0.12529169770648688     
  0.11592901185428220     
  0.10573330359077399     
   9.4601861458250128E-002
   8.2781414050787400E-002
   7.0234647471250466E-002
   5.7172728808399360E-002
   4.3610293113962209E-002
   2.9729330561833356E-002
   1.5584153346021121E-002
   1.3322767908252953E-003
  -1.2943448180296352E-002
  -2.7106701817819934E-002
  -4.1056126918524359E-002
  -5.4674487448302424E-002
  -6.7850861574331858E-002
  -8.0485905244635364E-002
  -9.2466989612611156E-002
 -0.10371215550411385     
 -0.11411384290385393     
 -0.12360743490531828     
 -0.13209613596035419     
 -0.13953289185955822     
 -0.14583629138863455     
 -0.15097714668901341     
 -0.15489298554625347     
 -0.15757271765499417     
 -0.15897531877989760     
 -0.15701771227481492     
 -0.15191891695338855     
 -0.14690205543026319     
 -0.14092739973477778     
 -0.13362619657640004     
 -0.12541474980761305     
 -0.11605464954861970     
 -0.10587824888575512     
  -9.4752558871770573E-002
  -8.2944546644861422E-002
  -7.0404742821401439E-002
  -5.7349517921910814E-002
  -4.3793717513853955E-002
  -2.9914613905625116E-002
  -1.5774581729941801E-002
  -1.5204666799723166E-003
   1.2752430835311036E-002
   2.6921405305176112E-002
   4.0870850297213233E-002
   5.4497882269762758E-002
   6.7677392086308685E-002
   8.0323578265077897E-002
   9.2310956254722659E-002
  0.10356928446653120     
  0.11398027316828628     
  0.12348860724101772     
  0.13198930764466499     
  0.13944194560244971     
  0.14575960558995488     
  0.15091703810986898     
  0.15484886538274040     
  0.15754541943010630     
  0.15896513750178309     
  0.15707892696644160     
  0.15199301762364423     
  0.14696139360662372     
  0.14102626878100202     
  0.13372132890379224     
  0.12553738518512214     
  0.11618063057773292     
  0.10602234884621897     
   9.4903932771549335E-002
   8.3106691191225129E-002
   7.0575620166883568E-002
   5.7525368572445300E-002
   4.3977882408800205E-002
   3.0099127676975819E-002
   1.5965623620088566E-002
   1.7081195040008937E-003
  -1.2560966865623906E-002
  -2.6736391040338946E-002
  -4.0685301332791649E-002
  -5.4321311701377467E-002
  -6.7503810066181572E-002
  -8.0161065347109275E-002
  -9.2154942290850292E-002
 -0.10342604629635986     
 -0.11384682003563755     
 -0.12336927688748152     
 -0.13188265656626985     
 -0.13935040845174043     
 -0.14568312284346058     
 -0.15085629612193704     
 -0.15480494349344118     
 -0.15751748692064033     
 -0.15895512488478453     
 -0.15713810668099351     
 -0.15206875953610743     
 -0.14701952483681560     
 -0.14112527143253251     
 -0.13381643481164768     
 -0.12565931966225843     
 -0.11630721149577827     
 -0.10616538531863151     
  -9.5056154956791872E-002
  -8.3267724950668476E-002
  -7.0747351578388545E-002
  -5.7700256806314978E-002
  -4.4162765958542627E-002
  -3.0282933861068517E-002
  -1.6157181331207474E-002
  -1.8953615167168801E-003
   1.2369205838920809E-002
   2.6551493588107721E-002
   4.0499656170769657E-002
   5.4144595843440842E-002
   6.7330294691870657E-002
   7.9998193984566437E-002
   9.1999110091059849E-002
  0.10328229341389372     
  0.11371361397974689     
  0.12324933371863270     
  0.13177627133172987     
  0.13925821516127840     
  0.14560688490220214     
  0.15079490300728021     
  0.15476121429843659     
  0.15748894840985650     
  0.15894523134449787     
  0.15719535840421647     
  0.15214594132515691     
  0.14707672047906695     
  0.14122410797141929     
  0.13391181038013902     
  0.12578028288254253     
  0.11643462091197943     
  0.10630718008917968     
   9.5209347869741598E-002
   8.3427581158947814E-002
   7.0919949379532055E-002
   5.7874219438449642E-002
   4.4348287084484309E-002
   3.0466149876720118E-002
   1.6349107495418194E-002
   2.0823613176670689E-003
  -1.2177331119738909E-002
  -2.6366523103719224E-002
  -4.0314105502682100E-002
  -5.3967550249689702E-002
  -6.7157019866152565E-002
  -7.9834806311439896E-002
  -9.1843598721570219E-002
 -0.10313790930212759     
 -0.11358074772486415     
 -0.12312871084830367     
 -0.13167019310404265     
 -0.13916535079580689     
 -0.14553088169703698     
 -0.15073289304170437     
 -0.15471762135218142     
 -0.15745988068905381     
 -0.15893536228844526     
 -0.15725082861184059     
 -0.15222433152804121     
 -0.14713326850252317     
 -0.14132247779659943     
 -0.13400773660817081     
 -0.12590003433134395     
 -0.11656304501963077     
 -0.10644760714508736     
  -9.5363575060181519E-002
  -8.3586255477631835E-002
  -7.1093362978901203E-002
  -5.8047353894526574E-002
  -4.4534308852727224E-002
  -3.0648942196068972E-002
  -1.6541214104114001E-002
  -2.2693185709083885E-003
   1.1985546835779385E-002
   2.6181279589294032E-002
   4.0128839638442639E-002
   5.3790000972296144E-002
   6.6984139592690659E-002
   7.9670772797630449E-002
   9.1688511639786502E-002
  0.10299281901404181     
  0.11344826787858174     
  0.12300739058524005     
  0.13156441225680859     
  0.13907185134717720     
  0.14545505349389662     
  0.15067034759487327     
  0.15467406488389931     
  0.15743039904515943     
  0.15892539037167172     
  0.15730468907881784     
  0.15230368425439308     
  0.14718945699382127     
  0.14142009593666294     
  0.13410446372972115     
  0.12601837739044364     
  0.11669261585908866     
  0.10658660155649399     
   9.5518835525007340E-002
   8.3743808243589249E-002
   7.1267480049904949E-002
   5.8219813740464602E-002
   4.4720645959280492E-002
   3.0831516234430603E-002
   1.6733284764887925E-002
   2.4564501418937196E-003
  -1.1794062986216953E-002
  -2.5995568223447868E-002
  -3.9944033320562268E-002
  -5.3611799050382491E-002
  -6.6811774693260884E-002
  -7.9506003876125303E-002
  -9.1533907103278161E-002
 -0.10284699642390074     
 -0.11331617024195417     
 -0.12288540642392333     
 -0.13145886913628221     
 -0.13897780024697717     
 -0.14537929700190841     
 -0.15060738657700862     
 -0.15463041255682369     
 -0.15740064459001693     
 -0.15891516973841335     
 -0.15735712146868691     
 -0.15238375523873635     
 -0.14724555815636459     
 -0.14151670819559728     
 -0.13420219772595088     
 -0.12613517045653391     
 -0.11682340313119274     
 -0.10672416434892472     
  -9.5675062340685096E-002
  -8.3900362327870057E-002
  -7.1442132012500284E-002
  -5.8391800177080774E-002
  -4.4907075820571712E-002
  -3.1014103204718084E-002
  -1.6925089310708165E-002
  -2.6439746482121774E-003
   1.1603079780613902E-002
   2.5809214625713516E-002
   3.9759831423917542E-002
   5.3432833337107050E-002
   6.6640001890337364E-002
   7.9340458596812991E-002
   9.1379792044314206E-002
  0.10270046765203301     
  0.11318439916517171     
  0.12276284091866835     
  0.13135345886224706     
  0.13888332106401680     
  0.14530347493472412     
  0.15054415692124073     
  0.15458651259073505     
  0.15737076992207935     
  0.15890455116088087     
  0.15740830184886659     
  0.15246431711806502     
  0.14730181392592853     
  0.14161210388831125     
  0.13430108995222795     
  0.12625033436740052     
  0.11695541012246516     
  0.10686036302354507     
   9.5832125698780676E-002
   8.4056096730440774E-002
   7.1617103459802378E-002
   5.8563550071703913E-002
   4.5093352507158471E-002
   3.1196944856864174E-002
   1.7116399720540756E-002
   2.8320965431378863E-003
  -1.1412772360827222E-002
  -2.5622078915307461E-002
  -3.9576336625336113E-002
  -5.3253040678737630E-002
  -6.6468846106666618E-002
  -7.9174149621996967E-002
  -9.1226119903007954E-002
 -0.10255331037976245     
 -0.11305285101238323     
 -0.12263981959904384     
 -0.13124803979416419     
 -0.13878856696177594     
 -0.14522742826962626     
 -0.15048081900952817     
 -0.15454220822089348     
 -0.15734092422819326     
 -0.15889339692837970     
 -0.15745838627374184     
 -0.15254517284241836     
 -0.14735842420073175     
 -0.14170612530319551     
 -0.13440123057078240     
 -0.12636385564691169     
 -0.11708857400775782     
 -0.10699532769443322     
  -9.5989840138898261E-002
  -8.4211236344122919E-002
  -7.1792144886952236E-002
  -5.8735321351477833E-002
  -4.5279222548301530E-002
  -3.1380277181959335E-002
  -1.7307006208405883E-002
  -3.0209908922319588E-003
   1.1223277037318423E-002
   2.5434067505953489E-002
   3.9393599987399386E-002
   5.3072412651025622E-002
   6.6298276597216557E-002
   7.9007144149951761E-002
   9.1072792616420623E-002
  0.10240564907982982     
  0.11292138148956589     
  0.12251650138347794     
  0.13114244501261821     
  0.13869370773432635     
  0.14515099024799599     
  0.15041753210084102     
  0.15449735237187306     
  0.15731123896773277     
  0.15888159436706939     
  0.15750749848944950     
  0.15262616627212722     
  0.14741553848601405     
  0.14179867327181048     
  0.13450264620162256     
  0.12647578538227258     
  0.11722277048155937     
  0.10712924312608788     
   9.6147975472562125E-002
   8.4366038596622422E-002
   7.1966987840471161E-002
   5.8907376776319464E-002
   4.5464441495412497E-002
   3.1564314241486501E-002
   1.7496732319222653E-002
   3.2107899593853714E-003
  -1.1034680066887348E-002
  -2.5245141738999846E-002
  -3.9211615190704166E-002
  -5.2890998309520695E-002
  -6.6128207246334350E-002
  -7.8839560655534088E-002
  -9.0919666649976860E-002
 -0.10225764649490149     
 -0.11278981629764938     
 -0.12239306621281784     
 -0.13103649593810293     
 -0.13859891542154312     
 -0.14507400103113305     
 -0.15035443989210995     
 -0.15445182141365618     
 -0.15728181523119403     
 -0.15886906698037159     
 -0.15755572064896148     
 -0.15270718923009502     
 -0.14747325149724452     
 -0.14188970851304450     
 -0.13460530189702696     
 -0.12658623386216222     
 -0.11735782235876868     
 -0.10726233724746279     
  -9.6306270627633792E-002
  -8.4520777903613412E-002
  -7.2141361431082907E-002
  -5.9079967228861656E-002
  -4.5648790073554622E-002
  -3.1749233278088783E-002
  -1.7685447936116767E-002
  -3.4015725927892815E-003
   1.0847009818631976E-002
   2.5055322684298779E-002
   3.9030316883772433E-002
   5.2708902702825772E-002
   6.5958501054855165E-002
   7.8671561648630553E-002
   9.0766562654237354E-002
  0.10210949197990486     
  0.11265796432103803     
  0.12226970083696354     
  0.13093001704664636     
  0.13850434961196123     
  0.14499632187699921     
  0.15029165732986685     
  0.15440552694054380     
  0.15725271373424241     
  0.15885578238424344     
  0.15760308769573039     
  0.15278818454525142     
  0.14753160297119447     
  0.14197924872960874     
  0.13470910723101473     
  0.12669536140918064     
  0.11749351150232153     
  0.10739486696944864     
   9.6464449435255686E-002
   8.4675729022049909E-002
   7.2315009054572790E-002
   5.9253315695442746E-002
   4.5832088776589258E-002
   3.1935162175978894E-002
   1.7873079250479079E-002
   3.5933572025252792E-003
  -1.0660232932001568E-002
  -2.4864691715548733E-002
  -3.8849583319298206E-002
  -5.2526281209583719E-002
  -6.5788978531047954E-002
  -7.8503342948977470E-002
  -9.0613278056946203E-002
 -0.10196138756188459     
 -0.11252563236795056     
 -0.12214658382979982     
 -0.13082285055662460     
 -0.13841014356662010     
 -0.14491784773954464     
 -0.15022925969470077     
 -0.15435842466530719     
 -0.15722394820597943     
 -0.15884175645641452     
 -0.15764958579588378     
 -0.15286914492426795     
 -0.14759058162206978     
 -0.14206736174566797     
 -0.13481392599765829     
 -0.12680336611226015     
 -0.11762959319911370     
 -0.10752710232270841     
  -9.6622237245015799E-002
  -8.4831150469801733E-002
  -7.2487704150796806E-002
  -5.9427603063525708E-002
  -4.6014209871314833E-002
  -3.2122170172712114E-002
  -1.8059614962226123E-002
  -3.7860988642253179E-003
   1.0474254782924795E-002
   2.4673386773829156E-002
   3.8669243131539126E-002
   5.2343330068371857E-002
   6.5619429408546620E-002
   7.8335120237693456E-002
   9.0459601677530241E-002
  0.10181353274627056     
  0.11239264035802790     
  0.12202387096991374     
  0.13071486995983767     
  0.13831639223762154     
  0.14483851731041081     
  0.15016727480859579     
  0.15431051974040158     
  0.15719548267186084     
  0.15882705340614983     
  0.15769515489340158     
  0.15295010780058574     
  0.14765013287367437     
  0.14215415526287678     
  0.13491958875284482     
  0.12691046938431949     
  0.11776581193464042     
  0.10765931004818516     
   9.6779377199113115E-002
   8.4987269169812515E-002
   7.2659263901543245E-002
   5.9602956730492235E-002
   4.6195085961039287E-002
   3.2310262491822818E-002
   1.8245108247729142E-002
   3.9796907864210430E-003
  -1.0288924262233630E-002
  -2.4481594547243069E-002
  -3.8489085805472514E-002
  -5.2160273751818198E-002
  -6.5449626865311902E-002
  -7.8167113852260439E-002
  -9.0305329295416681E-002
 -0.10166610919775625     
 -0.11225883581344635     
 -0.12190168210235608     
 -0.13060599135252035     
 -0.13822314311548392     
 -0.14475831971401087     
 -0.15010567897984792     
 -0.15426186808853889     
 -0.15716723283646861     
 -0.15881178177974256     
 -0.15773969515245626     
 -0.15303114660964331     
 -0.14771016972078044     
 -0.14223976405692254     
 -0.13502590723201130     
 -0.12701690042155087     
 -0.11790191742289335     
 -0.10779173780517733     
  -9.6935645026554954E-002
  -8.5144267384840544E-002
  -7.2829559918354519E-002
  -5.9779442815999298E-002
  -4.6374714505959896E-002
  -3.2499379284637038E-002
  -1.8429674336931302E-002
  -4.1739700644451991E-003
   1.0104042557807214E-002
   2.4289539092971733E-002
   3.8308875116227499E-002
   5.1977350071436945E-002
   6.5279343228596340E-002
   7.7999532927408216E-002
   9.0150279026292468E-002
  0.10151926644001232     
  0.11212410655540062     
  0.12178009049146118     
  0.13049618168255775     
  0.13813039062979726     
  0.14467729731733750     
  0.15004439701884270     
  0.15421257362654187     
  0.15713907146108144     
  0.15879608672395709     
  0.15778307675914638     
  0.15311235920485247     
  0.14777058584390274     
  0.14232433561988789     
  0.13513268954632024     
  0.12712288071223327     
  0.11803767973826798     
  0.10792460010927947     
   9.7090861331628808E-002
   8.5302272839370266E-002
   7.2998525190576272E-002
   5.9957062509989459E-002
   4.6553157988373506E-002
   3.2689398960075285E-002
   1.8613483857102001E-002
   4.3687273341571952E-003
  -9.9193753409742638E-003
  -2.4097467688618552E-002
  -3.8128364597305765E-002
  -5.1794794070457228E-002
  -6.5108366035885448E-002
  -7.7832560039258689E-002
  -8.9994305367529656E-002
 -0.10137310964986126     
 -0.11198839063493350     
 -0.12165911549426879     
 -0.13038546325579159     
 -0.13803807456385553     
 -0.14459554440661110     
 -0.14998330635154647     
 -0.15416278157671506     
 -0.15711083732872555     
 -0.15878013911225419     
 -0.15782515230273958     
 -0.15319385434069432     
 -0.14783126993840823     
 -0.14240801536196859     
 -0.13523975501105906     
 -0.12722860972987488     
 -0.11817290247091762     
 -0.10805806697879553     
  -9.7244900538524581E-002
  -8.5461352690916093E-002
  -7.3166156835716381E-002
  -6.0135752789969327E-002
  -4.6730539723889054E-002
  -3.2880145666030793E-002
  -1.8796752405267007E-002
  -4.5637196569921559E-003
   9.7346675100652910E-003
   2.3905634903399500E-002
   3.7947313944447829E-002
   5.1612821855700243E-002
   6.4936513289425374E-002
   7.7666337479977227E-002
   8.9837310865141684E-002
  0.10122769047323049     
  0.11185168272655768     
  0.12153871914148796     
  0.13027391412042832     
  0.13794608264512415     
  0.14451320179273827     
  0.14992224494864811     
  0.15411266835602613     
  0.15708234711750840     
  0.15876412237590978     
  0.15786577076296990     
  0.15327573729172142     
  0.14789212013324787     
  0.14249093251140738     
  0.13534694749627613     
  0.12733425284880187     
  0.11830743298067985     
  0.10819225606332381     
   9.7397695902285142E-002
   8.5621511730988961E-002
   7.3332514498705245E-002
   6.0315391426273929E-002
   4.6907035632483801E-002
   3.3071400388047116E-002
   1.8979727082425984E-002
   4.7586857345153040E-003
  -9.5496594577705544E-003
  -2.3714286011483388E-002
  -3.7765505189877507E-002
  -5.1431615529315938E-002
  -6.4763646794733148E-002
  -7.7500956177177713E-002
  -8.9679254523151716E-002
 -0.10108300157301968     
 -0.11171403647018274     
 -0.12141880692619872     
 -0.13016166425366660     
 -0.13785425716188213     
 -0.14443044771339400     
 -0.14986102249992503     
 -0.15406242879322657     
 -0.15705340928169795     
 -0.15874821805655076     
 -0.15790479200911595     
 -0.15335809573877945     
 -0.14795305737285641     
 -0.14257318779225961     
 -0.13545414630787414     
 -0.12743993234745024     
 -0.11844116904574523     
 -0.10832722876737870     
  -9.7549240286755962E-002
  -8.5782694887181585E-002
  -7.3497714561490082E-002
  -6.0495805885727935E-002
  -4.7082862572601920E-002
  -3.3262914872301111E-002
  -1.9162670940267839E-002
  -4.9533623829061211E-003
   9.3641037178041273E-003
   2.3523640919931976E-002
   3.7582757494458503E-002
   5.1251310306124613E-002
   6.4589682607666385E-002
   7.7336448084559695E-002
   8.9520156309963531E-002
  0.10093897534881030     
  0.11157556254281528     
  0.12129923279055065     
  0.13004888778640117     
  0.13776240515500132     
  0.14434748567887459     
  0.14979943401687437     
  0.15401226162834455     
  0.15702383888566984     
  0.15873259119517066     
  0.15794210067757614     
  0.15344098703179493     
  0.14801403671794305     
  0.14265484382019669     
  0.13556127379882368     
  0.12754572212832260     
  0.11857406147441606     
  0.10846299058434102     
   9.7699582721624906E-002
   8.5944793784877571E-002
   7.3661920626488950E-002
   6.0676785465022934E-002
   4.7258264086335745E-002
   3.3454427379232390E-002
   1.9345846439450184E-002
   5.1475011078508078E-003
  -9.1777808184538030E-003
  -2.3333879748475100E-002
  -3.7398939502127873E-002
  -5.1071984747811182E-002
  -6.4414597820451572E-002
  -7.7172782621461725E-002
  -8.9360097398055185E-002
 -0.10079548696494275     
 -0.11143642255444847     
 -0.12117980799054397     
 -0.12993579179708004     
 -0.13767031146503156     
 -0.14426453014086280     
 -0.14973727486030167     
 -0.15396235438263003     
 -0.15699347225990956     
 -0.15871737668812744     
 -0.15797761834017984     
 -0.15352442783373901     
 -0.14807505568083679     
 -0.14273591894749324     
 -0.13566829916046177     
 -0.12765164650153421     
 -0.11870611255129011     
 -0.10859949554378681     
  -9.7848821059917948E-002
  -8.6107656832952045E-002
  -7.3825331004635883E-002
  -6.0858095755601915E-002
  -4.7433494586231001E-002
  -3.3645679146167590E-002
  -1.9529499086679721E-002
  -5.3408836147567302E-003
   8.9905132279508304E-003
   2.3145131080384889E-002
   3.7213978374824375E-002
   5.0893654822574068E-002
   6.4238433179529514E-002
   7.7009867447331362E-002
   8.9199216082509705E-002
  0.10065236150915120     
  0.11129681916961016     
  0.12106031323133938     
  0.12982260246279190     
  0.13757775369835945     
  0.14418179103076706     
  0.14967435607726179     
  0.15391286873996068     
  0.15696218035651871     
  0.15870266767167665     
  0.15801131300233393     
  0.15360838697059731     
  0.14813615893685100     
  0.14281638502508995     
  0.13577523813450001     
  0.12775768307188717     
  0.11883737050070355     
  0.10873665437130477     
   9.7997091341782125E-002
   8.6271102044150491E-002
   7.3988164151485222E-002
   6.1039494378709487E-002
   4.7608803121059334E-002
   3.3836430391288842E-002
   1.9713842401002955E-002
   5.5333351683827664E-003
  -8.8021764150323731E-003
  -2.2957463711544793E-002
  -3.7027864864281161E-002
  -5.0716272224263524E-002
  -6.4061291327981551E-002
  -7.6847553543933356E-002
  -8.9037699637826900E-002
 -0.10050938480176494     
 -0.11115698313448542     
 -0.12094051322174808     
 -0.12970954955533098     
 -0.13748451802833328     
 -0.14409945830481177     
 -0.14961051890188495     
 -0.15386392754902509     
 -0.15692987977349068     
 -0.15868850684841931     
 -0.15804320516876461     
 -0.15369278207073667     
 -0.14819743902805568     
 -0.14289616925179346     
 -0.13588214869576748     
 -0.12786376946030970     
 -0.11896792044719562     
 -0.10887434568672628     
  -9.8144554709098011E-002
  -8.6434931606124171E-002
  -7.4150643137645231E-002
  -6.1220746844305104E-002
  -4.7784417881385682E-002
  -3.4026474730528007E-002
  -1.9899045259117995E-002
  -5.7247348740557587E-003
   8.6127062573853625E-003
   2.2770882472567311E-002
   3.6840654062100721E-002
   5.0539727078657733E-002
   6.3883330780702602E-002
   7.6685644266328568E-002
   8.8875772668139869E-002
  0.10036631710765939     
  0.11101715811893774     
  0.12082017261452803     
  0.12959685039758762     
  0.13739041467886087     
  0.14401768763976694     
  0.14954564732956729     
  0.15381560444137463     
  0.15689654058580013     
  0.15867488145243175     
  0.15807336997053426     
  0.15377748029179997     
  0.14825903297943954     
  0.14297515997031288     
  0.13598912306093322     
  0.12796981330209217     
  0.11909787261319277     
  0.10901242934435761     
   9.8291382890883391E-002
   8.6598947097666731E-002
   7.4312980302206372E-002
   6.1401641386929627E-002
   4.7960532544218552E-002
   3.4215651000447191E-002
   2.0085222492693022E-002
   5.9150221779479782E-003
  -8.4221022955504096E-003
  -2.2585328404947216E-002
  -3.6652461780607680E-002
  -5.0363854848737559E-002
  -6.3704756048309510E-002
  -7.6523907736174596E-002
  -8.8713682761652785E-002
 -0.10022290878940179     
 -0.11087758444612426     
 -0.12069907219244676     
 -0.12948469444157215     
 -0.13729529195432977     
 -0.14393658834548595     
 -0.14947967780980373     
 -0.15376791687214442     
 -0.15686219035461024     
 -0.15866172228087635     
 -0.15810193514115561     
 -0.15386230312533680     
 -0.14832111505730297     
 -0.14305321596997028     
 -0.13609627665689336     
 -0.12807570471801266     
 -0.11922734869885478     
 -0.10915076086366460     
  -9.8437743378791187E-002
  -8.6762964205269258E-002
  -7.4475363215493792E-002
  -6.1582001715168588E-002
  -4.8137295414257493E-002
  -3.4403851674849523E-002
  -2.0272429370611404E-002
  -6.1041991598809230E-003
   8.2304266308298162E-003
   2.2400683258280565E-002
   3.6463456831320337E-002
   5.0188446948724062E-002
   6.3525804603466657E-002
   7.6362091708719770E-002
   8.8551684457080101E-002
  0.10007891679608037     
  0.11073848286773051     
  0.12057702413659910     
  0.12937322959024988     
  0.13719904777963829     
  0.14385621440384536     
  0.14941260530973682     
  0.15372082314154531     
  0.15682691396656787     
  0.15864890691831524     
  0.15812907494033504     
  0.15394703496159873     
  0.14838388619273352     
  0.14313017858881930     
  0.13620373491349022     
  0.12818133026841394     
  0.11935646752293513     
  0.10928920582234791     
   9.8583785427989457E-002
   8.6926825840550240E-002
   7.4637942972100843E-002
   6.1761696772847263E-002
   4.8314802107708499E-002
   3.4591027316325761E-002
   2.0460660313561814E-002
   6.2923284984632670E-003
  -8.0377985807463508E-003
  -2.2216777964544788E-002
  -3.6273849762455769E-002
  -5.0013264310383679E-002
  -6.3346731610539803E-002
  -7.6199939865823449E-002
  -8.8390022653587544E-002
  -9.9934120818808009E-002
 -0.11060003954369682     
 -0.12045388527515456     
 -0.12926255126380720     
 -0.13710163789053023     
 -0.14377655931964442     
 -0.14934448526313476     
 -0.15367422366449446     
 -0.15679084926248993     
 -0.15863626696809568     
 -0.15815500042809019     
 -0.15403143481207140     
 -0.14844756084760391     
 -0.14320588569333126     
 -0.13631161891168225     
 -0.12828658728828052     
 -0.11948533105676304     
 -0.10942765309136525     
  -9.8729627950317714E-002
  -8.7090412685842861E-002
  -7.4800825654738612E-002
  -6.1940646837425804E-002
  -4.8493092259063737E-002
  -3.4777186797499533E-002
  -2.0649851878328556E-002
  -6.4795273026319235E-003
   7.8443855115462383E-003
   2.2033404460046448E-002
   3.6083878870215094E-002
   4.9838052934081077E-002
   6.3167793499663380E-002
   7.6037208384449148E-002
   8.8228916637175608E-002
   9.9788337965489762E-002
  0.11046239330162515     
  0.12032956735299052     
  0.12915269501589727     
  0.13700308005434264     
  0.14369755519392133     
  0.14927543121875866     
  0.15362796644425744     
  0.15675417872616185     
  0.15862359880603702     
  0.15817994676725128     
  0.15411525034655393     
  0.14851235229763096     
  0.14328018646775648     
  0.13642003100780245     
  0.12839139747172246     
  0.11961401195213227     
  0.10956602588262336     
   9.8875350219008548E-002
   8.7253650393793805E-002
   7.4964067567400997E-002
   6.2118825557368515E-002
   4.8672150431300278E-002
   3.4962393338639979E-002
   2.0839889737534190E-002
   6.6659573026672777E-003
  -7.6503905416699996E-003
  -2.1850329986862021E-002
  -3.5893794492047493E-002
  -4.9662560316791143E-002
  -6.2989231547660812E-002
  -7.5873681611002483E-002
  -8.8068545852478752E-002
  -9.9641434912692853E-002
 -0.11032562608880479     
 -0.12020404357534320     
 -0.12904363325095106     
 -0.13690345398727766     
 -0.14361907612410410     
 -0.14920560831594293     
 -0.15358185639674052     
 -0.15671711779642036     
 -0.15861067710738722     
 -0.15820415845818875     
 -0.15419823322276599     
 -0.14857845743211320     
 -0.14335295587859037     
 -0.13652904156046411     
 -0.12849571862917106     
 -0.11974254355030657     
 -0.10970428974794284     
  -9.9020986088394422E-002
  -8.7416512922471212E-002
  -7.5127674550609050E-002
  -6.2296257835120959E-002
  -4.8851911097729461E-002
  -3.5146756715714732E-002
  -2.1030619090090755E-002
  -6.8518121557115596E-003
   7.4560380330327553E-003
   2.1667312830743884E-002
   3.5703842709732543E-002
   4.9486551589848597E-002
   6.2811256624965575E-002
   7.5709185737857163E-002
   8.7909038422862254E-002
   9.9493336673603064E-002
  0.11018975730089771     
  0.12007735094602205     
  0.12893527629846149     
  0.13680289694537701     
  0.14354094572089607     
  0.14913522302066623     
  0.15353566788776496     
  0.15667990061768075     
  0.15859727018814496     
  0.15822787356934817     
  0.15428015458291866     
  0.14864604221357405     
  0.14342410769729380     
  0.13663867780853836     
  0.12859955367598783     
  0.11987091317202336     
  0.10984245689999611     
   9.9166522164055013E-002
   8.7579021781154814E-002
   7.5291605383378479E-002
   6.2473013773085818E-002
   4.9032267262406379E-002
   3.5330422273058638E-002
   2.1221857689849993E-002
   7.0373028264012821E-003
  -7.2615579419833855E-003
  -2.1484118354389962E-002
  -3.5514249627083924E-002
  -4.9309824225007029E-002
  -6.2634036179973263E-002
  -7.5543599524686922E-002
  -8.7750463222681194E-002
  -9.9344031364880653E-002
 -0.11005474239245773     
 -0.11994958822342368     
 -0.12882747778581449     
 -0.13670159527976111     
 -0.14346294823188432     
 -0.14906450982990171     
 -0.15348915960736703     
 -0.15664276423684356     
 -0.15858315606200868     
 -0.15825130810877666     
 -0.15436081957119560     
 -0.14871522889938521     
 -0.14349360506535719     
 -0.13674891579206422     
 -0.12870295611712279     
 -0.11999905924106485     
 -0.10998058650505585     
  -9.9311900058533020E-002
  -8.7741241271977827E-002
  -7.5455778968716344E-002
  -6.2649199193777566E-002
  -4.9213082017658588E-002
  -3.5513557607196718E-002
  -2.1413410492784366E-002
  -7.2226421375420754E-003
   7.0671701777642350E-003
   2.1300534170648772E-002
   3.5325207338952017E-002
   4.9132220276320485E-002
   6.2457684366669264E-002
   7.5376861322949559E-002
   8.7592826048209491E-002
   9.9193570643907242E-002
  0.10992047586604160     
  0.11982090963335400     
  0.12872004394076861     
  0.13659977253942443     
  0.14338484249854649     
  0.14899371587549984     
  0.15344209073033471     
  0.15660593237391351     
  0.15856813805475187     
  0.15827464167927302     
  0.15444007979030216     
  0.14878608600439741     
  0.14356146776255907     
  0.13685967598456764     
  0.12880603155368006     
  0.12012687250508718     
  0.11011878090282370     
   9.9457022557491198E-002
   8.7903270115847837E-002
   7.5620084714846741E-002
   6.2824943500336516E-002
   4.9394202121839564E-002
   3.5696337955766426E-002
   2.1605084810424328E-002
   7.4080296389542081E-003
  -6.8730701076806016E-003
  -2.1116383370640347E-002
  -3.5136862578505894E-002
  -4.8953635309396136E-002
  -6.2282255990135274E-002
  -7.5208971931242014E-002
  -8.7436070136990174E-002
  -9.9042065800236306E-002
 -0.10978679842130169     
 -0.11969151478342008     
 -0.12861274617084328     
 -0.13649767495544962     
 -0.14330637776603003     
 -0.14892308451468664     
 -0.15339423721392886     
 -0.15656959993066724     
 -0.15855205884335083     
 -0.15829800547299938     
 -0.15451784275958208     
 -0.14885862178766532     
 -0.14362777557893719     
 -0.13697082303142383     
 -0.12890893503449394     
 -0.12025420130826357     
 -0.11025717801772567     
  -9.9601763223876899E-002
  -8.8065230125175850E-002
  -7.5784395283936976E-002
  -6.3000385841051956E-002
  -4.9575472533601610E-002
  -3.5878931415789919E-002
  -2.1796704827190889E-002
  -7.5936379109778898E-003
   6.6794162557949231E-003
   2.0931534871552679E-002
   3.4949308828266586E-002
   4.8774023415080026E-002
   6.2107744664632730E-002
   7.5039993112461748E-002
   8.7280080970848911E-002
   9.8889679798245270E-002
  0.10965350774616335     
  0.11956163549710846     
  0.12850533603041381     
  0.13639555533058431     
  0.14322731022894530     
  0.14885283907107255     
  0.15334540706916833     
  0.15653391935357044     
  0.15853481189587809     
  0.15832147349669734     
  0.15459407765116387     
  0.14893278179177780     
  0.14369266747593454     
  0.13708216968484366     
  0.12901186438711165     
  0.12038086056384337     
  0.11039594051593811     
   9.9745978705458205E-002
   8.8227252810530787E-002
   7.5948580701729607E-002
   6.3175660666841230E-002
   4.9756750771680770E-002
   3.6061485122104789E-002
   2.1988124393953760E-002
   7.7796013051201840E-003
  -6.4863210727822366E-003
  -2.0745910166867963E-002
  -3.4762582421895255E-002
  -4.8593397993480551E-002
  -6.1934085271054665E-002
  -7.4870041918497970E-002
  -8.7124694988727672E-002
  -9.8736615859005158E-002
 -0.10952037217093570     
 -0.11943152050662151     
 -0.12839756151458059     
 -0.13629365647372785     
 -0.14314741914155485     
 -0.14878316788204896     
 -0.15329545351254245     
 -0.15649898983721219     
 -0.15851634947223250     
 -0.15834505768797641     
 -0.15466881684853739     
 -0.14900845066888027     
 -0.14375633653143133     
 -0.13719348471420215     
 -0.12911504996486500     
 -0.12050664379364759     
 -0.11053524251150978     
  -9.9889522803384326E-002
  -8.8389464966746281E-002
  -7.6112522718335823E-002
  -6.3350883814540557E-002
  -4.9937919986248094E-002
  -3.6244113439227676E-002
  -2.2179237145311861E-002
  -7.9660079364668214E-003
   6.2938454211590097E-003
   2.0559486031838870E-002
   3.4576662867493613E-002
   4.8411828305172676E-002
   6.1761160487205986E-002
   7.4699281271465259E-002
   8.6969711554363019E-002
   9.8583103417041004E-002
  0.10938714620204823     
  0.11930141909593801     
  0.12828918352442734     
  0.13619219535155688     
  0.14306652135115439     
  0.14871421171620947     
  0.15324428505529722     
  0.15646485015227007     
  0.15849668659176777     
  0.15836870730337124     
  0.15474215317428239     
  0.14908545821467326     
  0.14381902097418725     
  0.13730450427378971     
  0.12921874151768029     
  0.12063133736666368     
  0.11067525481481863     
  0.10003226122170855     
   8.8551974364496383E-002
   7.6276128290204942E-002
   6.3526140208164730E-002
   5.0118899728023428E-002
   3.6426889064117209E-002
   2.2369983193758686E-002
   8.1528954948190333E-003
  -6.1019971398264920E-003
  -2.0372293039135222E-002
  -3.4391477310932103E-002
  -4.8229432096489257E-002
  -6.1588810868675015E-002
  -7.4527907520015410E-002
  -8.6814907291308752E-002
  -9.8429382473775723E-002
 -0.10925358681994780     
 -0.11917156485830853     
 -0.12817999133798175     
 -0.13609134907687365     
 -0.14298448322694021     
 -0.14864605445461940     
 -0.15319187180671706     
 -0.15643147562218315     
 -0.15847590066381390     
 -0.15839231265047457     
 -0.15481423294813076     
 -0.14916358922368012     
 -0.14388099190262787     
 -0.13741494595059023     
 -0.12932319311376331     
 -0.12075473589772169     
 -0.11081612983304340     
 -0.10017408586031824     
  -8.8714856669851197E-002
  -7.6439341117440912E-002
  -6.3701474147984827E-002
  -5.0299653577071363E-002
  -3.6609837714817337E-002
  -2.2560351914635412E-002
  -8.3402511523712336E-003
   5.9107337454608194E-003
   2.0184410051429052E-002
   3.4206908752623090E-002
   4.8046364892262036E-002
   6.1416847701683215E-002
   7.4356135905320128E-002
   8.6660051730816687E-002
   9.8275687480531504E-002
  0.10911946937517349     
  0.11904216072018252     
  0.12806981599580036     
  0.13599124371915669     
  0.14290122914496101     
  0.14857871769481679     
  0.15313824753996913     
  0.15639877947426747     
  0.15845412678981463     
  0.15841571292201445     
  0.15488524534016010     
  0.14924259649834251     
  0.14394253852963090     
  0.13752452451156078     
  0.12942864719108102     
  0.12087665767249434     
  0.11095798726666238     
  0.10031492754085744     
   8.8878144627059591E-002
   7.6602150314525538E-002
   6.3876882962439097E-002
   5.0480193031506353E-002
   3.6792936807332081E-002
   2.2750380632366039E-002
   8.5280155366251643E-003
  -5.7199690184643595E-003
  -1.9995955156202047E-002
  -3.4022807355557780E-002
  -4.7862806791092956E-002
  -6.1245067651030917E-002
  -7.4184185018097384E-002
  -8.6504923128826822E-002
  -9.8122231911923208E-002
 -0.10898460195127832     
 -0.11891336628743929     
 -0.12795854066401757     
 -0.13589194671711002     
 -0.14281674593901258     
 -0.14851215965352263     
 -0.15308350737426696     
 -0.15636661847583230     
 -0.15843154905832968     
 -0.15843870759236148     
 -0.15495540875425529     
 -0.14932221611193930     
 -0.14400395198069979     
 -0.13763296823819679     
 -0.12953531889025580     
 -0.12099695895389402     
 -0.11110090169551781     
 -0.10045476616505034     
  -8.9041820375123440E-002
  -7.6764595505463398E-002
  -6.4052314544939801E-002
  -5.0660577339498677E-002
  -3.6976118220537577E-002
  -2.2940149328777418E-002
  -8.7160904309896339E-003
   5.5295829308452064E-003
   1.9807073771239012E-002
   3.3839003956750199E-002
   4.7678947777542120E-002
   6.1073268100600889E-002
   7.4012261394894641E-002
   8.6349323303190367E-002
   9.7969194633414955E-002
  0.10884883718053477     
  0.11878528839681154     
  0.12784610725966519     
  0.13579346341081169     
  0.14273108301934878     
  0.14844627843390959     
  0.15302780124293663     
  0.15633480245696865     
  0.15840838844368163     
  0.15846107057839132     
  0.15502495519428455     
  0.14940218385784484     
  0.14406550878394833     
  0.13774003468572871     
  0.12964338180861359     
  0.12111554609834424     
  0.11124489301626453     
  0.10059363748942227     
   8.9205811538716887E-002
   7.6926767900750537E-002
   6.4227669005267732E-002
   5.0840909265075764E-002
   3.7159274938894864E-002
   2.3129771795449734E-002
   8.9043495848714436E-003
  -5.3394341240282500E-003
  -1.9617924857683027E-002
  -3.3655324734946479E-002
  -4.7494972669335653E-002
  -6.0901262039965161E-002
  -7.3840545383968989E-002
  -8.6193090421504359E-002
  -9.7816709029048862E-002
 -0.10871208068939994     
 -0.11865797551842634     
 -0.12773251889668014     
 -0.13569573791163619     
 -0.14264434817439114     
 -0.14838091940858314     
 -0.15297132362040153     
 -0.15630310704173742     
 -0.15838488816426330     
 -0.15848256616590536     
 -0.15509411371361942     
 -0.14948225172785123     
 -0.14412745521836334     
 -0.13784552473894590     
 -0.12975295621941738     
 -0.12123238456307724     
 -0.11138992048969173     
 -0.10073163594615267     
  -8.9369991455617998E-002
  -7.7088807213634383E-002
  -6.4402804355122370E-002
  -5.1021327086428918E-002
  -3.7342271068200948E-002
  -2.3319383921592537E-002
  -9.0926517807590219E-003
   5.1493739545978726E-003
   1.9428666315828468E-002
   3.3471605906356929E-002
   4.7311046838329651E-002
   6.0728891391562095E-002
   7.3669179309966026E-002
   8.6036108827575411E-002
   9.7664855647147289E-002
  0.10857429560149891     
  0.11853141637183365     
  0.12761783801618456     
  0.13559865821342976     
  0.14255669938230522     
  0.14831588617328337     
  0.15291430024983568     
  0.15627128867895373     
  0.15836129753955458     
  0.15850296557464696     
  0.15516309411685147     
  0.14956220325664996     
  0.14418999362968540     
  0.13794929395402880     
  0.12986410062761367     
  0.12134750410653722     
  0.11153588089625843     
  0.10086891322875573     
   8.9534183596539085E-002
   7.7250894584797031E-002
   6.4577545842459880E-002
   5.1201993411976038E-002
   3.7524954462445095E-002
   2.3509130026984876E-002
   9.2808551352590203E-003
  -4.9592610094373922E-003
  -1.9239440696812864E-002
  -3.3287707323064575E-002
  -4.7127303780047654E-002
  -6.0556037795535388E-002
  -7.3498258789798085E-002
  -8.5878315218844439E-002
  -9.7513658858576963E-002
 -0.10843550281778531     
 -0.11840554280869188     
 -0.12750218037892483     
 -0.13550206514151583     
 -0.14246833324652303     
 -0.14825095427028503     
 -0.15285697282772370     
 -0.15623910089950857     
 -0.15833785549228299     
 -0.15852206298875143     
 -0.15523207206568873     
 -0.14964186664877463     
 -0.14425327168504865     
 -0.13805126036730209     
 -0.12997680729635797     
 -0.12146099975690360     
 -0.11168261100034997     
 -0.10100567267209550     
  -8.9698169921664794E-002
  -7.7413241984735218E-002
  -6.4751698272083560E-002
  -5.1383081642988208E-002
  -3.7707170999103146E-002
  -2.3699148299808882E-002
  -9.4688315168266497E-003
   4.7689749572036987E-003
   1.9050362336843124E-002
   3.3103523935438979E-002
   4.6943835463049373E-002
   6.0382630064448016E-002
   7.3327827812829136E-002
   8.5719700761399786E-002
   9.7363087723421338E-002
  0.10829577710509915     
  0.11828023670315586     
  0.12738570539808355     
  0.13540576445953476     
  0.14237947091102784     
  0.14818588668338264     
  0.15279958274603894     
  0.15620631064119292     
  0.15831477486608364     
  0.15853968991864106     
  0.15530117664032461     
  0.14972112476244820     
  0.14431737532826119     
  0.13815140820366667     
  0.13009100209438382     
  0.12157302842883107     
  0.11182989421004391     
  0.10114215976614950     
   8.9861702624324122E-002
   7.7576078829580897E-002
   6.4925060421136271E-002
   5.1564761094090868E-002
   3.7888779410863375E-002
   2.3889556470592852E-002
   9.6564799521302730E-003
  -4.5784286531896333E-003
  -1.8861506911513937E-002
  -3.2918994243793180E-002
  -4.6760686176808335E-002
  -6.0208647773229047E-002
  -7.3157877914448055E-002
  -8.5560309033236678E-002
  -9.7213060949695423E-002
 -0.10815523933255505     
 -0.11815534029893354     
 -0.12726860355504763     
 -0.13530954122807939     
 -0.14229034248980124     
 -0.14812044998246671     
 -0.15274235505679243     
 -0.15617271348053918     
 -0.15829222866771367     
 -0.15855572688205344     
 -0.15537048123033315     
 -0.14979992125048699     
 -0.14438232593261058     
 -0.13824978721110912     
 -0.13020654870384296     
 -0.12168380138326312     
 -0.11197747101268644     
 -0.10127864942900557     
  -9.0024518457760702E-002
  -7.7739636759129135E-002
  -6.5097440494657946E-002
  -5.1747181890803622E-002
  -3.8069665533482747E-002
  -2.4080438840594510E-002
  -9.8437379663771276E-003
   4.3875775455826625E-003
   1.8672904224275377E-002
   3.2734105093518463E-002
   4.6577850331049934E-002
   6.0034120742024188E-002
   7.2988351464390602E-002
   8.5400229997613555E-002
   9.7063455525109046E-002
  0.10801404547737604     
  0.11803066921138287     
  0.12715108184968696     
  0.13521317535012681     
  0.14220117114726419     
  0.14805442995410573     
  0.15268548380260602     
  0.15613814669428652     
  0.15827033920093375     
  0.15857011158712050     
  0.15543999838840317     
  0.14987826243501970     
  0.14444808184663785     
  0.13834650766177095     
  0.13032325691417324     
  0.12179357302661604     
  0.11212505248978859     
  0.10141543090579277     
   9.0186354644728725E-002
   7.7904133669602069E-002
   6.5268671480433887E-002
   5.1930460788362186E-002
   3.8249754865917585E-002
   2.4271835686652320E-002
   1.0030589955186249E-002
  -4.1964256333549945E-003
  -1.8484534798778561E-002
  -3.2548892444997660E-002
  -4.6395274360285961E-002
  -5.9859124479504172E-002
  -7.2819148782572382E-002
  -8.5239590503800922E-002
  -9.6914118332154964E-002
 -0.10787237325719178     
 -0.11790602709230585     
 -0.12703334837508268     
 -0.13511645715794082     
 -0.14211215798541754     
 -0.14798764559809971     
 -0.15262911975247148     
 -0.15610249923458036     
 -0.15824917084696771     
 -0.15858284305491799     
 -0.15550967899352316     
 -0.14995621480021459     
 -0.14451454421256724     
 -0.13844173137147300     
 -0.13044089443297877     
 -0.12190262681153605     
 -0.11227233598808820     
 -0.10155279133872817     
  -9.0346965246204128E-002
  -7.8069758157446503E-002
  -6.5438625260425889E-002
  -5.2114668996398862E-002
  -3.8429022457477938E-002
  -2.4463735891846562E-002
  -1.0217071905449930E-002
   4.0050274844681301E-003
   1.8296330557773348E-002
   3.2363438054215946E-002
   4.6212862576823832E-002
   5.9683771958599516E-002
   7.2650138508522769E-002
   8.5078542070300356E-002
   9.6764879837924006E-002
  0.10773040741712855     
  0.11778122084821237     
  0.12691559716427603     
  0.13501920190020886     
  0.14202346882744918     
  0.14791996049542538     
  0.15257336140165867     
  0.15606571792995461     
  0.15822872697969656     
  0.15859398141395389     
  0.15557941575866857     
  0.15003389830281535     
  0.14458156663004196     
  0.13853565937567547     
  0.13055920139133215     
  0.12201125921235779     
  0.11241902186376183     
  0.10169099915605416     
   9.0506136824081304E-002
   7.8236655509390754E-002
   6.5607224418514701E-002
   5.2299822953877799E-002
   3.8607499328928985E-002
   2.4656073414907612E-002
   1.0403272053971065E-002
  -3.8134861187279802E-003
  -1.8108179562691222E-002
  -3.2177862309541339E-002
  -4.6030486516769407E-002
  -5.9508202373085239E-002
  -7.2481170406996420E-002
  -8.4917246906779265E-002
  -9.6615568799130289E-002
 -0.10758832479469491     
 -0.11765607526826967     
 -0.12679799442947282     
 -0.13492126207623431     
 -0.14193522384181964     
 -0.14785129075091580     
 -0.15251824985223977     
 -0.15602780950178269     
 -0.15820895120191233     
 -0.15860364341307770     
 -0.15564905080433669     
 -0.15011147600110836     
 -0.14464896796202625     
 -0.13862851713951560     
 -0.13067790652698577     
 -0.12211976288875290     
 -0.11256483013550773     
 -0.10183028844664299     
  -9.0663702276473829E-002
  -7.8404916269463748E-002
  -6.5774450845083959E-002
  -5.2485878788189860E-002
  -3.8785274886067700E-002
  -2.4848727928571637E-002
  -1.0589327375345811E-002
   3.6219468705495032E-003
   1.7919934480914491E-002
   3.1992313761741643E-002
   4.5847997058724610E-002
   5.9332567751414975E-002
   7.2312089609990110E-002
   8.4755863260616515E-002
   9.6466026850964837E-002
  0.10744628029661725     
  0.11753044596836820     
  0.12668066720429461     
  0.13482253672941202     
  0.14184749073611894     
  0.14778160896983614     
  0.15246376790374463     
  0.15598883829270244     
  0.15818973277437134     
  0.15861199400918827     
  0.15571838672649929     
  0.15018914076684919     
  0.14471654735529896     
  0.13872053835542611     
  0.13079674390886895     
  0.12222841021060331     
  0.11270951588561662     
  0.10197084542101409     
   9.0819551850124150E-002
   7.8574568233253428E-002
   6.5940350466556705E-002
   5.2672730926891419E-002
   3.8962495076968438E-002
   2.5041529648832526E-002
   1.0775416102396816E-002
  -3.4305876501227730E-003
  -1.7731424164714359E-002
  -3.1806956136231912E-002
  -4.5665238383551590E-002
  -5.9157018466797398E-002
  -7.2142751187710449E-002
  -8.4594531222553657E-002
  -9.6316121860832452E-002
 -0.10730439484864650     
 -0.11740422968887274     
 -0.12656369521539398     
 -0.13472297704263564     
 -0.14176028198222781     
 -0.14771094402222409     
 -0.15240984337325583     
 -0.15594891991704651     
 -0.15817091580496404     
 -0.15861923466924169     
 -0.15578720033702009     
 -0.15026710005247410     
 -0.14478410039136139     
 -0.13881194848086961     
 -0.13091546902881110     
 -0.12233743829138878     
 -0.11285288233600457     
 -0.10211279791311005     
  -9.0973640533291780E-002
  -7.8745572476451586E-002
  -6.6105033705640706E-002
  -5.2860215029647405E-002
  -3.9139356356218333E-002
  -2.5234268065974053E-002
  -1.0961746780235992E-002
   3.2396062945455758E-003
   1.7542467487981769E-002
   3.1621953810208027E-002
   4.5482062701519242E-002
   5.8981688767695030E-002
   7.1973033915971582E-002
   8.4433360089947382E-002
   9.6165759023754113E-002
  0.10716274622749564     
  0.11727737118591966     
  0.12644710656474634     
  0.13462258785664868     
  0.14167355623334718     
  0.14763937666079605     
  0.15235635635361142     
  0.15590821134040242     
  0.15815231149357034     
  0.15862558926165582     
  0.15585525806470174     
  0.15034555982238795     
  0.14485143520611696     
  0.13890294918390919     
  0.13103387313430956     
  0.12244703656830069     
  0.11299479069210953     
  0.10225620866116160     
   9.1125991289861874E-002
   7.8917823736502066E-002
   6.6268671585511765E-002
   5.3048115093626391E-002
   3.9316095828169854E-002
   2.5426703997363870E-002
   1.1148544616895720E-002
  -3.0492059231512622E-003
  -1.7352888411814468E-002
  -3.1437456858176387E-002
  -4.5298344610893070E-002
  -5.8806683454273971E-002
  -7.1802852166977654E-002
  -8.4272418268153779E-002
  -9.6014888848162713E-002
 -0.10702136346471497     
 -0.11714986621450320     
 -0.12633087751638511     
 -0.13452142503799330     
 -0.14158722378152250     
 -0.14756703136426572     
 -0.15230314983019466     
 -0.15586689815436536     
 -0.15813371250882258     
 -0.15863128858305978     
 -0.15592233188968124     
 -0.15042470881235420     
 -0.14491838742409735     
 -0.13899370479439729     
 -0.13115179480594183     
 -0.12255733778275155     
 -0.11313516607947322     
 -0.10240107283598017     
  -9.1276693892508518E-002
  -7.9091155153960951E-002
  -6.6431487705878617E-002
  -5.3236174280928784E-002
  -3.9492978223733037E-002
  -2.5618584132701586E-002
  -1.1336036099857193E-002
   2.8595793669748603E-003
   1.7162531150815154E-002
   3.1253586808517947E-002
   4.5113993974299077E-002
   5.8632066743762971E-002
   7.1632164990004868E-002
   8.4111726499436698E-002
   9.5863511416135888E-002
  0.10688022524180124     
  0.11702176039691616     
  0.12621493637255482     
  0.13441958893356332     
  0.14150115560441859     
  0.14749406505562748     
  0.15225004283221802     
  0.15582518001425383     
  0.15811490842224935     
  0.15863655466002821     
  0.15598821465124130     
  0.15050470425109266     
  0.14498483284449590     
  0.13908433170892801     
  0.13126912798502086     
  0.12266841296858087     
  0.11327399917873551     
  0.10254731998090996     
   9.1425899427824281E-002
   7.9265347066872480E-002
   6.6593746617813060E-002
   5.3424108744025166E-002
   3.9670280600748405E-002
   2.5809657053176525E-002
   1.1524432983557417E-002
  -2.6708938194678145E-003
  -1.6971274296084086E-002
  -3.1070424208005681E-002
  -4.4928966304440036E-002
  -5.8457854207168841E-002
  -7.1460981657951464E-002
  -8.3951254958597718E-002
  -9.5711676583453142E-002
 -0.10673926239422170     
 -0.11689314408045488     
 -0.12609917111713539     
 -0.13431721444082467     
 -0.14141519528445873     
 -0.14742065357377318     
 -0.15219684511143627     
 -0.15578325533737031     
 -0.15809570105395529     
 -0.15864158597516784     
 -0.15605273362156410     
 -0.15058566006539009     
 -0.14505069698521000     
 -0.13917489147917492     
 -0.13138582591661285     
 -0.12278027076501576     
 -0.11341134347413521     
 -0.10269482021158727     
  -9.1573810856335536E-002
  -7.9440139260021012E-002
  -6.6755739385385954E-002
  -5.3611623504706746E-002
  -3.9848275829074312E-002
  -2.5999689590881874E-002
  -1.1713916807774793E-002
   2.4832768482920850E-003
   1.6779042819634205E-002
   3.0887998963943782E-002
   4.4743269831286216E-002
   5.8284008433174189E-002
   7.1289363219496069E-002
   8.3790924463785416E-002
   9.5559480091283427E-002
  0.10659836433164396     
  0.11676414359069284     
  0.12598344022140995     
  0.13421445847498617     
  0.14132917287158184     
  0.14734697693999790     
  0.15214337223323665     
  0.15574130640774819     
  0.15807591859735051     
  0.15864654469216505     
  0.15611576137145261     
  0.15066763840280298     
  0.14511596082479347     
  0.13926538804213243     
  0.13150190077089233     
  0.12289286105866523     
  0.11354730834579496     
  0.10284339421877360     
   9.1720670292626552E-002
   7.9615245822617850E-002
   6.6917767326469854E-002
   5.3798429289876389E-002
   4.0027216015617637E-002
   2.6188482362350309E-002
   1.1904625076666649E-002
  -2.2968048167603238E-003
  -1.6585817033459065E-002
  -3.0706284234012383E-002
  -4.4556968665484586E-002
  -5.8110438798977648E-002
  -7.1117419895334169E-002
  -8.3630611741190408E-002
  -9.5407055870206106E-002
 -0.10645738888554383     
 -0.11663490955863351     
 -0.12586758576981671     
 -0.13411148580810242     
 -0.14124291961845420     
 -0.14727320454644796     
 -0.15208945993992612     
 -0.15569948599691763     
 -0.15805542748723247     
 -0.15865154680074570     
 -0.15617722315872923     
 -0.15075064505819907     
 -0.14518066236362903     
 -0.13935576924685084     
 -0.13161741902024149     
 -0.12300608264640148     
 -0.11368204853397812     
 -0.10299282634613524     
  -9.1866743904654352E-002
  -7.9790371581107744E-002
  -6.7080125057405224E-002
  -5.3984259154946423E-002
  -4.0207317034522363E-002
  -2.6375883362852810E-002
  -1.2096640115042802E-002
   2.1114945947192142E-003
   1.6391637793872944E-002
   3.0525194376662117E-002
   4.4370181759579394E-002
   5.7937005422711789E-002
   7.0945304468448794E-002
   8.3470158376492534E-002
   9.5254565105650793E-002
  0.10631617483544537     
  0.11650560322154599     
  0.12575144788875811     
  0.13400845437600098     
  0.14115628245443915     
  0.14719948139521730     
  0.15203497670551505     
  0.15565790649172570     
  0.15803414114859268     
  0.15865665588145678     
  0.15623710033060872     
  0.15083462910032230     
  0.14524489393381873     
  0.13944593251802240     
  0.13173249295735956     
  0.12311979432178419     
  0.11381575076239395     
  0.10314287979675429     
   9.2012305499767369E-002
   7.9965228961906179E-002
   6.7243084017014468E-002
   5.4168883737959660E-002
   4.0388745252878104E-002
   2.6561798642285424E-002
   1.2289981430560206E-002
  -1.9272992047269909E-003
  -1.6196607512229438E-002
  -3.0344587178761567E-002
  -4.4183077678647681E-002
  -5.7763527060333990E-002
  -7.0773202119720088E-002
  -8.3309382806630111E-002
  -9.5102182880425976E-002
 -0.10617455616061575     
 -0.11637638175179438     
 -0.12563487936282591     
 -0.13390550118806888     
 -0.14106913708659474     
 -0.14712591643446776     
 -0.15197983354089503     
 -0.15561663232864617     
 -0.15801202499987882     
 -0.15866188091806493     
 -0.15629542952865688     
 -0.15091948668360120     
 -0.14530879549975673     
 -0.13953573419513957     
 -0.13184726901844054     
 -0.12323382854288925     
 -0.11394861850854664     
 -0.10329331287331220     
  -9.2157619955544307E-002
  -8.0139554110270655E-002
  -6.7406877610802662E-002
  -5.4352124084019932E-002
  -4.0571607387934687E-002
  -2.6746199289401487E-002
  -1.2484602161432891E-002
   1.7441077673194399E-003
   1.6000886836779197E-002
   3.0164270264053081E-002
   4.3995865502239953E-002
   5.7589792414641572E-002
   7.0601317428940297E-002
   8.3148094473461914E-002
   9.4950083396374466E-002
  0.10603237693030110     
  0.11624738374405415     
  0.12551775930721193     
  0.13380272992947587     
  0.14098139872072046     
  0.14705257387790691     
  0.15192399031758869     
  0.15557567628346344     
  0.15798909736662545     
  0.15866717828246296     
  0.15635229779689833     
  0.15100506872159375     
  0.14537254448490852     
  0.13962500181924994     
  0.13196191380471209     
