   4.4513542148903101E-002
   6.5639311107367038E-002
   8.5431562033877445E-002
  0.10348637940058343     
  0.11938104073874742     
  0.13253469582373834     
  0.14205088824446235     
  0.14673768797404380     
  0.14546489258381501     
  0.13776135155238331     
  0.12425226778803887     
  0.10653332047553039     
   8.6497337486128492E-002
   6.5582129919628918E-002
   4.4426846966345461E-002
   2.3052960410122038E-002
   1.3232568511630793E-003
  -2.0675718904329992E-002
  -4.2540077702368409E-002
  -6.3697564905584425E-002
  -8.3585163394401182E-002
 -0.10169588085537107     
 -0.11751425426712452     
 -0.13045949795951142     
 -0.13990161358896044     
 -0.14521026168538359     
 -0.14577692477480284     
 -0.14103945371944762     
 -0.13061424008699835     
 -0.11458062154346749     
  -9.3783097817031813E-002
  -6.9885502785496323E-002
  -4.4998585823476628E-002
  -2.0991552429972065E-002
   1.1466360654458102E-003
   2.1528741980648063E-002
   4.1044474808348108E-002
   6.0656636057792541E-002
   8.0673499349896538E-002
  0.10036098232447729     
  0.11809726078059891     
  0.13200701487799599     
  0.14074244234633243     
  0.14395130383617427     
  0.14213656252054616     
  0.13603231951812236     
  0.12599411040945188     
  0.11190121121635477     
   9.3655612996744991E-002
   7.1841346341530263E-002
   4.7931421905913742E-002
   2.3805430521903787E-002
   9.2939663348340449E-004
  -2.0206326804448723E-002
  -4.0033818186929720E-002
  -5.9307181186918745E-002
  -7.8353890478306362E-002
  -9.6668665789887046E-002
 -0.11310413985466221     
 -0.12646378192135202     
 -0.13601366672752099     
 -0.14155354676329152     
 -0.14307540866126595     
 -0.14035185681211795     
 -0.13283101776676065     
 -0.11997166177593774     
 -0.10179589491541567     
  -7.9226835570996454E-002
  -5.3915818441528422E-002
  -2.7673724095305909E-002
  -1.9380473832583656E-003
   2.2380027191971685E-002
   4.4714690017418179E-002
   6.4664663839292105E-002
   8.2056299054513088E-002
   9.7137264528605688E-002
  0.11054163975237559     
  0.12281347527723424     
  0.13370650329127676     
  0.14180442796045062     
  0.14491546811168549     
  0.14116983363791474     
  0.13013860856726067     
  0.11316286044387959     
   9.2656010124734442E-002
   7.0917546734419759E-002
   4.9270550003645767E-002
   2.7969113280220229E-002
   6.7232833342338498E-003
  -1.4667740246181983E-002
  -3.5997341468450225E-002
  -5.6712941677938417E-002
  -7.6147397371432390E-002
  -9.3702972908659768E-002
 -0.10891972683858676     
 -0.12147067519994603     
 -0.13112462795239166     
 -0.13766887753511242     
 -0.14078368076869596     
 -0.13992767775290860     
 -0.13435472781553306     
 -0.12335354218476612     
 -0.10666980779682984     
  -8.4906834196635833E-002
  -5.9617549266698197E-002
  -3.2908072395330903E-002
  -6.6917350885667345E-003
   1.7941292043851802E-002
   4.0789949765689275E-002
   6.2031391557372431E-002
   8.1580921606834250E-002
   9.8832825017698939E-002
  0.11295697998818068     
  0.12347817854962125     
  0.13060673689032762     
  0.13495240214452534     
  0.13678798343145301     
  0.13547751300185124     
  0.12961367664650258     
  0.11788043176114950     
  0.10008268801342596     
   7.7586903701665530E-002
   5.2814982051107941E-002
   2.8171166631989510E-002
   5.1766806335967874E-003
  -1.5719609276147878E-002
  -3.4786561983498450E-002
  -5.2536331141149320E-002
  -6.9414594790046760E-002
  -8.5660091839129066E-002
 -0.10120524743350544     
 -0.11556316476048956     
 -0.12778915090259199     
 -0.13664158322846920     
 -0.14094539447928756     
 -0.13999225049994188     
 -0.13374748442043741     
 -0.12273126761676005     
 -0.10764218683403404     
  -8.8977558857115682E-002
  -6.6943753798025307E-002
  -4.1772065210132554E-002
  -1.4245712193281409E-002
   1.3986954705279246E-002
   4.0680326248252262E-002
   6.3810339926467119E-002
   8.2433935833749999E-002
   9.6971199037461750E-002
  0.10870503519179148     
  0.11883398925790090     
  0.12764651202071159     
  0.13427090509479073     
  0.13713904232447846     
  0.13488174839606096     
  0.12706729232857414     
  0.11430997355576382     
   9.7777657368676357E-002
   7.8560438706284069E-002
   5.7371334917473593E-002
   3.4708240988715340E-002
   1.1231756351844674E-002
  -1.2022088484789447E-002
  -3.3806454496097406E-002
  -5.3108840302941933E-002
  -6.9572115092518746E-002
  -8.3604670263986935E-002
  -9.6088604273168107E-002
 -0.10782477223042575     
 -0.11899017661202811     
 -0.12888009080583454     
 -0.13607381392231735     
 -0.13893878021243850     
 -0.13619541104055724     
 -0.12727260625379988     
 -0.11238829455001585     
  -9.2459492730280618E-002
  -6.8916390774038452E-002
  -4.3393266796840343E-002
  -1.7321866541429365E-002
   8.3662575509603192E-003
   3.3193347454437978E-002
   5.6764127349127128E-002
   7.8386948738934772E-002
   9.7037400782199745E-002
  0.11173716402243161     
  0.12205614320878354     
  0.12830752358278949     
  0.13124204987428784     
  0.13145615900878815     
  0.12894739547691900     
  0.12312980208435055     
  0.11328448366325601     
   9.9107817302219903E-002
   8.0976230918724690E-002
   5.9825669597356267E-002
   3.6864051884578031E-002
   1.3364569342105838E-002
  -9.4379906917669079E-003
  -3.0487447843466572E-002
  -4.9141812678203826E-002
  -6.5367006872437447E-002
  -7.9675848139154376E-002
  -9.2746345289438342E-002
 -0.10491209984206025     
 -0.11585755171435441     
 -0.12472499118709873     
 -0.13053993737166480     
 -0.13263223049052061     
 -0.13074258291396984     
 -0.12475381062626935     
 -0.11431950520746154     
  -9.8815389391057509E-002
  -7.7813435506636233E-002
  -5.1813678837187488E-002
  -2.2659611794659407E-002
   6.8134982333272762E-003
   3.3832014772747408E-002
   5.6801494245943454E-002
   7.5716785211690243E-002
   9.1606160064027053E-002
  0.10547630443965621     
  0.11751159144104641     
  0.12697433286974821     
  0.13271274280668793     
  0.13382547821502008     
  0.13004738603789373     
  0.12172417089409349     
  0.10955167342354030     
   9.4330254825220824E-002
   7.6839447060253058E-002
   5.7781010985967260E-002
   3.7730093082465457E-002
   1.7124642565124075E-002
  -3.6513678967578294E-003
  -2.4128145093786784E-002
  -4.3682663920320997E-002
  -6.1635553575098624E-002
  -7.7462986895251357E-002
  -9.0969375095063074E-002
 -0.10228843282293325     
 -0.11169476740376874     
 -0.11932840499799965     
 -0.12498795830593881     
 -0.12809551708947078     
 -0.12781701137685228     
 -0.12325313776659141     
 -0.11365757696136956     
  -9.8694279578483535E-002
  -7.8687769523595866E-002
  -5.4702189592615413E-002
  -2.8315619726839339E-002
  -1.1905950335299466E-003
   2.5278756711292479E-002
   5.0060666113766555E-002
   7.2378869577883212E-002
   9.1583881154522567E-002
  0.10712493523882319     
  0.11862517922903119     
  0.12598287208926767     
  0.12940488129785208     
  0.12930415062942061     
  0.12605467001526166     
  0.11970692972367179     
  0.10987889774406524     
   9.6023906047799382E-002
   7.8040568172127955E-002
   5.6838126051484396E-002
   3.4338123788088634E-002
   1.2746506404842130E-002
  -6.4574483498863414E-003
  -2.3106876038013438E-002
  -3.8146032478304254E-002
  -5.2845220506149579E-002
  -6.7946452920835732E-002
  -8.3210688117109313E-002
  -9.7556596862702391E-002
 -0.10962623376111974     
 -0.11839573366597127     
 -0.12349523962587516     
 -0.12511797823336443     
 -0.12361461175077397     
 -0.11902025783595099     
 -0.11082047838536641     
  -9.8157170528812773E-002
  -8.0409975448446261E-002
  -5.7824134758106459E-002
  -3.1771944526433463E-002
  -4.4140405877749677E-003
   2.2080487911652007E-002
   4.6250964742237881E-002
   6.7543181275846895E-002
   8.5969943315014619E-002
  0.10160549290023470     
  0.11428887305610332     
  0.12363395308906468     
  0.12919601303654346     
  0.13060444440306784     
  0.12760331780038200     
  0.12008465443525421     
  0.10820408290121288     
   9.2533679567393126E-002
   7.4092406928504329E-002
   5.4150033656820140E-002
   3.3885164219437131E-002
   1.4112160803191900E-002
  -4.7509083480463806E-003
  -2.2492569037808600E-002
  -3.8895808090696156E-002
  -5.3703061520147533E-002
  -6.6778645679670581E-002
  -7.8302336800977021E-002
  -8.8779591985798934E-002
  -9.8762652567035120E-002
 -0.10838531128928661     
 -0.11699646035694841     
 -0.12316944530525754     
 -0.12514208635687571     
 -0.12148708338413659     
 -0.11169284671346688     
  -9.6364990141490373E-002
  -7.6924882908725456E-002
  -5.4974165116975761E-002
  -3.1736591933703193E-002
  -7.9166651847130398E-003
   1.6043890546874637E-002
   3.9617835127317619E-002
   6.2027880238242336E-002
   8.2312522138990374E-002
   9.9505602010327959E-002
  0.11282128933821811     
  0.12181103902788262     
  0.12646161168687475     
  0.12714104814180441     
  0.12431406188372215     
  0.11812880763989318     
  0.10820388461493233     
   9.3945716291514103E-002
   7.5337886394264059E-002
   5.3601850033174615E-002
   3.1037997624381149E-002
   1.0013677215646794E-002
  -8.1472436434737016E-003
  -2.3555334383149225E-002
  -3.7248529018853054E-002
  -5.0259690535830168E-002
  -6.2935628575297040E-002
  -7.4911596007866885E-002
  -8.5617194851953349E-002
  -9.4808779464446657E-002
 -0.10268257719665810     
 -0.10950332201817531     
 -0.11504662169143165     
 -0.11828492404569091     
 -0.11759738226082248     
 -0.11142983699462006     
  -9.9012427111717385E-002
  -8.0718080453378152E-002
  -5.7920285272015246E-002
  -3.2529243053884827E-002
  -6.5076911362854303E-003
   1.8449303596873017E-002
   4.1088357309916647E-002
   6.0724988254185132E-002
   7.7323805719630462E-002
   9.1400505800617080E-002
  0.10364170443678217     
  0.11433811080492202     
  0.12292961682570987     
  0.12798971889334124     
  0.12777696407690714     
  0.12113300926755238     
  0.10821304560413096     
   9.0554830420046223E-002
   7.0408418228139397E-002
   4.9773413508105095E-002
   2.9782375655841121E-002
   1.0758847849850225E-002
  -7.2641552259962196E-003
  -2.4079542279642891E-002
  -3.9236999532606974E-002
  -5.2311178637684627E-002
  -6.3221447419824384E-002
  -7.2363535939473589E-002
  -8.0471423698911485E-002
  -8.8271694160808045E-002
  -9.6093949076990454E-002
 -0.10362439329374891     
 -0.10990916698348790     
 -0.11358706055508157     
 -0.11324754801349403     
 -0.10779389943731171     
  -9.6714458026850816E-002
  -8.0208509137076583E-002
  -5.9162106990841221E-002
  -3.4997245370579654E-002
  -9.4233864413933704E-003
   1.5860020537433555E-002
   3.9425105792730591E-002
   6.0262189570270547E-002
   7.7803652589501532E-002
   9.1883803230327216E-002
  0.10268196865663515     
  0.11062532431737906     
  0.11618749377912382     
  0.11957320792741631     
  0.12039948314295409     
  0.11758189362831357     
  0.10963920743665287     
   9.5473962274156415E-002
   7.5322383518916278E-002
   5.1202065994051846E-002
   2.6333718087952495E-002
   3.7982845693880361E-003
  -1.4657310934439723E-002
  -2.8958004578542057E-002
  -4.0202634048590230E-002
  -4.9829639680195645E-002
  -5.8943708270105769E-002
  -6.8041064645976701E-002
  -7.7088849595564501E-002
  -8.5753823624521733E-002
  -9.3589985436027937E-002
 -0.10011603444078225     
 -0.10482082036419767     
 -0.10715774281513725     
 -0.10654435662145428     
 -0.10234518641767272     
  -9.3849118579743096E-002
  -8.0344407831502193E-002
  -6.1431452506947939E-002
  -3.7562089584144004E-002
  -1.0479249608057404E-002
   1.6942247021002752E-002
   4.1638970168409568E-002
   6.1608644151153046E-002
   7.6633871051377658E-002
   8.8006263124143017E-002
   9.7482688100476472E-002
  0.10613154924827327     
  0.11368904429361290     
  0.11872947158446327     
  0.11951744993159456     
  0.11498932954884671     
  0.10520107868902726     
   9.0993603053912409E-002
   7.3285979687208042E-002
   5.2710914036076341E-002
   2.9941948345346525E-002
   6.3241873977731844E-003
  -1.5975487537888317E-002
  -3.4656846589106692E-002
  -4.8342739831224446E-002
  -5.7204061323308374E-002
  -6.2766271781298108E-002
  -6.7110452632808765E-002
  -7.1970425468548968E-002
  -7.8156725990307582E-002
  -8.5471980409760229E-002
  -9.2999884639859337E-002
  -9.9503503677571076E-002
 -0.10371546540098932     
 -0.10446881511784113     
 -0.10076443449682791     
  -9.1899757143534183E-002
  -7.7687132576917367E-002
  -5.8644611762306120E-002
  -3.5976112687048450E-002
  -1.1281553575133843E-002
   1.3819653233017778E-002
   3.7885321001989096E-002
   5.9625370885274649E-002
   7.7886653682601142E-002
   9.1854860638272792E-002
  0.10138006053593328     
  0.10710112204816434     
  0.11014245682080848     
  0.11148603106854996     
  0.11136673305070567     
  0.10903402513341312     
  0.10304318423546230     
   9.1986189661034251E-002
   7.5311827587691851E-002
   5.3786105853239827E-002
   2.9363269616138454E-002
   4.6115925332819354E-003
  -1.7985086142649671E-002
  -3.6619065614526748E-002
  -5.0531699334178191E-002
  -6.0076480165850175E-002
  -6.6423213032035883E-002
  -7.1006487837147317E-002
  -7.4975998488984119E-002
  -7.8909292774978046E-002
  -8.2879167386189237E-002
  -8.6738869917692293E-002
  -9.0348283646488517E-002
  -9.3515575604283266E-002
  -9.5661344065443382E-002
  -9.5487241964321956E-002
  -9.1037185081976058E-002
  -8.0341001618632238E-002
  -6.2426489804240544E-002
  -3.8155245170554332E-002
  -1.0300319521518980E-002
   1.7382159144788117E-002
   4.1691306110382603E-002
   6.1183580845737898E-002
   7.6255707725214478E-002
   8.8201044768133105E-002
   9.8056803062055595E-002
  0.10599401453454826     
  0.11143481865633982     
  0.11359965988997152     
  0.11202784537373220     
  0.10673986381195505     
   9.8005175642436812E-002
   8.5973102722298106E-002
   7.0533528854525601E-002
   5.1609740316658298E-002
   2.9716751853002793E-002
   6.3098417354854070E-003
  -1.6461934998585493E-002
  -3.6491765488185259E-002
  -5.2428985722259111E-002
  -6.3944680139113211E-002
  -7.1528392234397817E-002
  -7.6086379080762476E-002
  -7.8613535723458444E-002
  -8.0040849334713324E-002
  -8.1190367298788049E-002
  -8.2703820405924514E-002
  -8.4871536490061530E-002
  -8.7414737392310066E-002
  -8.9361258160707932E-002
  -8.9145175133715907E-002
  -8.4980417121188104E-002
  -7.5436699967709062E-002
  -5.9992326282836808E-002
  -3.9259183704393491E-002
  -1.4751258960473168E-002
   1.1574741696095826E-002
   3.7647607009809396E-002
   6.1407759407411104E-002
   8.0988609318327048E-002
   9.5136162281205694E-002
  0.10366580685574261     
  0.10754529851243619     
  0.10841656690290713     
  0.10777812603128371     
  0.10625759301078494     
  0.10331926248803255     
   9.7525525600027266E-002
   8.7239947546906907E-002
   7.1490717530131684E-002
   5.0638981798311326E-002
   2.6524591416224277E-002
   1.9319939836437124E-003
  -2.0424958546131189E-002
  -3.8845281465222870E-002
  -5.2980934581524974E-002
  -6.3493910960333536E-002
  -7.1380875180104608E-002
  -7.7391892753639488E-002
  -8.1789448909653437E-002
  -8.4478823797771982E-002
  -8.5373077737239844E-002
  -8.4749973201453804E-002
  -8.3346833237466778E-002
  -8.2053084481653368E-002
  -8.1294497336694735E-002
  -8.0463469804078022E-002
  -7.7825944618068021E-002
  -7.1088975523292713E-002
  -5.8407025622963418E-002
  -3.9340312370873654E-002
  -1.5255921837490704E-002
   1.1126689364677186E-002
   3.6849355559700689E-002
   5.9760673991796368E-002
   7.8819658499171025E-002
   9.3700015582894675E-002
  0.10430240618100894     
  0.11062598550296955     
  0.11292882102112826     
  0.11181553299578340     
  0.10801730728988714     
  0.10197248402222020     
   9.3542390914308507E-002
   8.2117041108733149E-002
   6.7074727598368328E-002
   4.8314589109769851E-002
   2.6555634366944018E-002
   3.2688032551230974E-003
  -1.9671234367364804E-002
  -4.0412781216442720E-002
  -5.7472646503515315E-002
  -6.9963849053270494E-002
  -7.7739178258541430E-002
  -8.1444779002639495E-002
  -8.2400232957553624E-002
  -8.2223022392339945E-002
  -8.2251245963242348E-002
  -8.3015211609864747E-002
  -8.4073540849273237E-002
  -8.4333984689599045E-002
  -8.2656631549328202E-002
  -7.8362284458583509E-002
  -7.1353792033401364E-002
  -6.1811118574887310E-002
  -4.9707536131931386E-002
  -3.4564380443957828E-002
  -1.5747273528046276E-002
   6.7963750843420632E-003
   3.1874398518871964E-002
   5.7038972176709772E-002
   7.9372637526242448E-002
   9.6592563144566115E-002
  0.10776267106570427     
  0.11328094831321670     
  0.11434632767405753     
  0.11230000906036980     
  0.10809805398668793     
  0.10201015501776563     
   9.3591925063778517E-002
   8.1968065502132759E-002
   6.6383860530751210E-002
   4.6816079468212743E-002
   2.4296381546059270E-002
   6.9050120241502554E-004
  -2.1955780448299895E-002
  -4.2053827152382664E-002
  -5.8707336034195812E-002
  -7.1560159575866103E-002
  -8.0562983783706910E-002
  -8.5895198234905892E-002
  -8.8019766786469208E-002
  -8.7706831127712687E-002
  -8.5923852484621227E-002
  -8.3614026836248564E-002
  -8.1440994315184659E-002
  -7.9578450924363636E-002
  -7.7618577409510336E-002
  -7.4649788283334850E-002
  -6.9489111207229323E-002
  -6.0994761189843129E-002
  -4.8386679947318025E-002
  -3.1527698586658430E-002
  -1.1088386352262673E-002
   1.1525971402236957E-002
   3.4531362523250994E-002
   5.6249191860615694E-002
   7.5453542650465111E-002
   9.1439511595148515E-002
  0.10388047022826639     
  0.11262551610587830     
  0.11753859954778290     
  0.11842162040945560     
  0.11504751274363950     
  0.10730852839390635     
   9.5416293203860927E-002
   8.0011135536494138E-002
   6.2045933198104565E-002
   4.2459798659554480E-002
   2.1867806073712817E-002
   5.6622715701538917E-004
  -2.1064377656794371E-002
  -4.2071504950937137E-002
  -6.0848477064538616E-002
  -7.5642854703363849E-002
  -8.5340001116403025E-002
  -9.0004488353540565E-002
  -9.0850015118639355E-002
  -8.9647711729904850E-002
  -8.7893500509325317E-002
  -8.6209580516285661E-002
  -8.4309584787626263E-002
  -8.1468874560140583E-002
  -7.7116387490360580E-002
  -7.1132957508445588E-002
  -6.3673803093723072E-002
  -5.4679124355991003E-002
  -4.3512297203098252E-002
  -2.9142828588114053E-002
  -1.0880714217713345E-002
   1.0848548243416911E-002
   3.4327407416287620E-002
   5.7154415537367359E-002
   7.7188388349361370E-002
   9.3175833805428154E-002
  0.10478145184129706     
  0.11223826238717495     
  0.11598328072386133     
  0.11644160115257134     
  0.11388936308802611     
  0.10830255890618372     
   9.9249720187611745E-002
   8.6015579984666815E-002
   6.8076828116226923E-002
   4.5762644642428886E-002
   2.0632528030548127E-002
  -4.8383029906612536E-003
  -2.8167435709918504E-002
  -4.7768459892384506E-002
  -6.3267183258685591E-002
  -7.5134603616081902E-002
  -8.4024189790572912E-002
  -9.0312020316630104E-002
  -9.4062136280103167E-002
  -9.5273267949016624E-002
  -9.4120889746562020E-002
  -9.1021984312945087E-002
  -8.6529153739031833E-002
  -8.1156353873399964E-002
  -7.5228627639205944E-002
  -6.8780062196677164E-002
  -6.1475627542367607E-002
  -5.2569394208454058E-002
  -4.1011832123328297E-002
  -2.5847122487697577E-002
  -6.8539431174033053E-003
   1.4954449489371996E-002
   3.7472262800566335E-002
   5.8372317625548537E-002
   7.6136948516204908E-002
   9.0484196084503768E-002
  0.10193100558008507     
  0.11092087397117714     
  0.11719938592441256     
  0.11985014907516343     
  0.11790267402023399     
  0.11102604260315249     
   9.9763547175743636E-002
   8.5113597925902146E-002
   6.7795416688000376E-002
   4.7835582384711216E-002
   2.4920342932862528E-002
  -6.3688579118456471E-004
  -2.7092047291112722E-002
  -5.1478790925373066E-002
  -7.0874814195440436E-002
  -8.3791527515424402E-002
  -9.0675944085161747E-002
  -9.3336099210006712E-002
  -9.3852033848369223E-002
  -9.3661244858255902E-002
  -9.3206618376312875E-002
  -9.2141685606063090E-002
  -8.9811754325858792E-002
  -8.5681983251728502E-002
  -7.9528720336217079E-002
  -7.1395311683319571E-002
  -6.1421467539346311E-002
  -4.9673428739179598E-002
  -3.6068391866253567E-002
  -2.0433715310361155E-002
  -2.6849037040152864E-003
   1.6946446107920655E-002
   3.7739060661860599E-002
   5.8464143331079799E-002
   7.7574874947001063E-002
   9.3571759032570256E-002
  0.10541895694836075     
  0.11282335613739870     
  0.11621668923820395     
  0.11642037610760984     
  0.11413985055872330     
  0.10952171731401013     
  0.10199041430673141     
   9.0487738658767997E-002
   7.4063224483828419E-002
   5.2543567749203754E-002
   2.6915222325797378E-002
  -7.8433762355402089E-004
  -2.7986976082098176E-002
  -5.2276567151688449E-002
  -7.1970015372053525E-002
  -8.6384322513225545E-002
  -9.5706507656169462E-002
 -0.10060638172940888     
 -0.10188156451490105     
 -0.10032758778661621     
  -9.6780622748893458E-002
  -9.2134377011913737E-002
  -8.7193799163836586E-002
  -8.2402927722174710E-002
  -7.7612084810429305E-002
  -7.2043252208854297E-002
  -6.4504905455391545E-002
  -5.3790835504002474E-002
  -3.9134553060587503E-002
  -2.0583552102035354E-002
   8.3424997637861816E-004
   2.3278020712344919E-002
   4.4654770172691052E-002
   6.3397644706212272E-002
   7.9000928631948922E-002
   9.1890360922917524E-002
  0.10270031347637355     
  0.11152041541502287     
  0.11766603632881824     
  0.12008625455764059     
  0.11806046681869653     
  0.11165112192847271     
  0.10156946907952291     
   8.8556365116546715E-002
   7.2766646400633808E-002
   5.3688476669404191E-002
   3.0778621958984280E-002
   4.4275456696000895E-003
  -2.3519474064378799E-002
  -5.0210270967014962E-002
  -7.2919253035744230E-002
  -9.0015570896778294E-002
 -0.10117529767693162     
 -0.10695388732856398     
 -0.10824430701166469     
 -0.10601403528264899     
 -0.10131982010833702     
  -9.5327823465549771E-002
  -8.9112832835534533E-002
  -8.3277754241391888E-002
  -7.7656373012363389E-002
  -7.1350541272701629E-002
  -6.3137276964893949E-002
  -5.2032807228927523E-002
  -3.7683861410496018E-002
  -2.0361960714263275E-002
  -6.4232158938757819E-004
   2.0858569055999556E-002
   4.3357719108780488E-002
   6.5509477054525631E-002
   8.5283945628376545E-002
  0.10054941823177195     
  0.11011416956781200     
  0.11440486419577117     
  0.11515307666364917     
  0.11427611967239350     
  0.11273368199428266     
  0.11004063425387134     
  0.10460619238065740     
   9.4610086273148819E-002
   7.8917915679423592E-002
   5.7609076356645222E-002
   3.1968526201202802E-002
   4.0784469949391878E-003
  -2.3741156668898263E-002
  -4.9437295446618700E-002
  -7.1544255202736093E-002
  -8.9254565872008182E-002
 -0.10226956683564022     
 -0.11056586266636796     
 -0.11424978101323835     
 -0.11358998526926591     
 -0.10917037432157500     
 -0.10199551626927070     
  -9.3387815331762311E-002
  -8.4638703706975849E-002
  -7.6540663322391470E-002
  -6.9034996735817949E-002
  -6.1186077724339587E-002
  -5.1530454720448017E-002
  -3.8655215875902593E-002
  -2.1776182816041403E-002
  -1.1242131415839058E-003
   2.2000534811671940E-002
   4.5587569907613805E-002
   6.7576779317407451E-002
   8.6450081735371845E-002
  0.10140409973996078     
  0.11213909191255199     
  0.11861066941569637     
  0.12098669957663123     
  0.11972814993416311     
  0.11555057355721905     
  0.10915412584438720     
  0.10085783624935668     
   9.0381451709678123E-002
   7.6923725807713200E-002
   5.9528766429176906E-002
   3.7624060472823587E-002
   1.1542739790670262E-002
  -1.7207565267787432E-002
  -4.6124410187817953E-002
  -7.2334072732706145E-002
  -9.3395472502136437E-002
 -0.10791967962151229     
 -0.11578109440330069     
 -0.11792752846169785     
 -0.11593079754942122     
 -0.11143710313426497     
 -0.10567088224356788     
  -9.9152166489481885E-002
  -9.1740859638631309E-002
  -8.2978845162427872E-002
  -7.2536575925530214E-002
  -6.0501054203185738E-002
  -4.7312798866564212E-002
  -3.3352917531582975E-002
  -1.8439951235690259E-002
  -1.6703501417750215E-003
   1.8074077806712364E-002
   4.1075509926155794E-002
   6.5861099807796905E-002
   8.9273763164877562E-002
  0.10779595136815331     
  0.11930399703214790     
  0.12394828440807629     
  0.12360254747375218     
  0.12048478386848614     
  0.11596966530876576     
  0.11019341866622004     
  0.10241822894385459     
   9.1719057399334017E-002
   7.7505340654696844E-002
   5.9644668770111833E-002
   3.8311622328443116E-002
   1.3875500392385311E-002
  -1.2964964390977642E-002
  -4.0891881287818808E-002
  -6.7851879748135224E-002
  -9.1387623265883650E-002
 -0.10935373136024876     
 -0.12061074686032786     
 -0.12526684677370703     
 -0.12437483846471310     
 -0.11937633286881259     
 -0.11166795497244501     
 -0.10243149142349049     
  -9.2598646652182814E-002
  -8.2759556517295524E-002
  -7.2988036855733449E-002
  -6.2750584920939267E-002
  -5.1074075446021425E-002
  -3.6962161341167567E-002
  -1.9865233670831050E-002
   3.3800760026865290E-005
   2.1861839357189529E-002
   4.4382591131046145E-002
   6.6364721664769408E-002
   8.6722036413562117E-002
  0.10440398365424014     
  0.11830079938602944     
  0.12740975774805524     
  0.13119297935702662     
  0.12980988854342723     
  0.12400802592999748     
  0.11477022903035829     
  0.10298664361351728     
   8.9303099066877598E-002
   7.4079216499147629E-002
   5.7322786400022203E-002
   3.8615172100525029E-002
   1.7237182083957407E-002
  -7.3151648580914077E-003
  -3.4571747948333231E-002
  -6.2626352415309408E-002
  -8.8485230776364637E-002
 -0.10915966493823592     
 -0.12282716183288712     
 -0.12935099665251604     
 -0.12994379124358277     
 -0.12629905422390236     
 -0.11976201646004769     
 -0.11100088220616655     
 -0.10025550463885263     
  -8.7836268159294725E-002
  -7.4413526008744665E-002
  -6.0839573862636109E-002
  -4.7610932231821931E-002
  -3.4380606235142032E-002
  -1.9956861222631867E-002
  -2.9053359761874796E-003
   1.7565586166384036E-002
   4.0956453214724915E-002
   6.5439447578277313E-002
   8.8461530941309818E-002
  0.10765987535408458     
  0.12158273558586498     
  0.12987313484483504     
  0.13297245110314482     
  0.13166821735223486     
  0.12674840436216248     
  0.11881293496716949     
  0.10818764717357623     
   9.4922575919741556E-002
   7.8904117086458517E-002
   6.0071528928793361E-002
   3.8634067995333435E-002
   1.5150976625328648E-002
  -9.5663535632882577E-003
  -3.4618046649530491E-002
  -5.9087830575980126E-002
  -8.1987384149373288E-002
 -0.10219446174007293     
 -0.11852144648109424     
 -0.12991188063612186     
 -0.13564879337198826     
 -0.13549976087933746     
 -0.12981835731184743     
 -0.11960172177363484     
 -0.10639244705581694     
  -9.1907730205559396E-002
  -7.7478056582496707E-002
  -6.3595001729730607E-002
  -4.9844857695082324E-002
  -3.5260600372093241E-002
  -1.8892861976965755E-002
  -3.1268370071950219E-004
   2.0192661073372847E-002
   4.1791980129766551E-002
   6.3467299054177764E-002
   8.4256586059815300E-002
  0.10323133632363363     
  0.11933607991800435     
  0.13135103963123296     
  0.13811959139450034     
  0.13894721766373941     
  0.13393430773225456     
  0.12402775086589027     
  0.11071301785073044     
   9.5447721542934877E-002
   7.9088442420624905E-002
   6.1598874326461765E-002
   4.2219544778076767E-002
   2.0082027140552568E-002
  -4.9861213007505369E-003
  -3.1926301468599171E-002
  -5.8604912178346194E-002
  -8.2637951240265933E-002
 -0.10233069721655570     
 -0.11711292159915790     
 -0.12729292641887902     
 -0.13342815843071371     
 -0.13577182281410957     
 -0.13411774444584038     
 -0.12807936318823107     
 -0.11757546390570885     
 -0.10319693075139973     
  -8.6213428807387887E-002
  -6.8176834612651449E-002
  -5.0316777930438920E-002
  -3.3083247719448157E-002
  -1.6116615022782978E-002
   1.3695078844445244E-003
   2.0069307866287859E-002
   4.0214308973846043E-002
   6.1440126573041619E-002
   8.2804802574149669E-002
  0.10287428226525216     
  0.11991402990988691     
  0.13227170631839305     
  0.13888756168718808     
  0.13966203159062526     
  0.13539696687360323     
  0.12728266976268662     
  0.11623390576197312     
  0.10251342566856515     
   8.5894023118069679E-002
   6.6208014932757547E-002
   4.3826762668889671E-002
   1.9688645361598932E-002
  -5.1029088134391474E-003
  -2.9731061665217377E-002
  -5.3766962198483578E-002
  -7.6829562868403700E-002
  -9.8115185443945332E-002
 -0.11626550193059432     
 -0.12976010684644798     
 -0.13755642941251298     
 -0.13952375762195762     
 -0.13642194234569274     
 -0.12947934042793480     
 -0.11982197740510350     
 -0.10806245404125875     
  -9.4255539245461900E-002
  -7.8197100700057670E-002
  -5.9836483445351085E-002
  -3.9539271886598733E-002
  -1.8074216154979200E-002
   3.6196821619171255E-003
   2.4727045135062391E-002
   4.4767966453875555E-002
   6.3657023425080256E-002
   8.1583017940291061E-002
   9.8706605384959178E-002
  0.11475463176099845     
  0.12872542784940338     
  0.13896557063220999     
  0.14371549345395762     
  0.14190768457507197     
  0.13374718696974852     
  0.12064590221500690     
  0.10448813950633064     
   8.6696848892848080E-002
   6.7715554979092984E-002
   4.7199239682349139E-002
   2.4702925322088336E-002
   3.3693653278561958E-004
  -2.5062547276990428E-002
  -5.0268337856123183E-002
  -7.4109778667907175E-002
  -9.5637765943472217E-002
 -0.11398497450371010     
 -0.12822988682290301     
 -0.13753579496124416     
 -0.14149756406876957     
 -0.14036319064556652     
 -0.13489301000925352     
 -0.12595207447929951     
 -0.11414362166395475     
  -9.9725125974388054E-002
  -8.2820176834189033E-002
  -6.3730187556307993E-002
  -4.3084801835568141E-002
  -2.1694968520689920E-002
  -2.1400802942194558E-004
   2.1110590752436684E-002
   4.2353289902793870E-002
   6.3501610925677937E-002
   8.4004822096249043E-002
  0.10265580433752475     
  0.11798981682882485     
  0.12898523766379230     
  0.13553664845228972     
  0.13828085641332893     
  0.13787942704550493     
  0.13432485430952962     
  0.12682074823424422     
  0.11434947162176254     
   9.6541990988721793E-002
   7.4234671495030824E-002
   4.9302173594454102E-002
   2.3867135076800959E-002
  -5.9141328794252318E-004
  -2.3680956690203359E-002
  -4.5854884762504829E-002
  -6.7671010110275820E-002
  -8.9028589096335750E-002
 -0.10886683033553875     
 -0.12549169822227083     
 -0.13728707192052775     
 -0.14336143595609260     
 -0.14378020501058481     
 -0.13931916766908323     
 -0.13096032313696754     
 -0.11946896184962261     
 -0.10527014672940152     
  -8.8591217529206040E-002
  -6.9667366507962972E-002
  -4.8842272053669304E-002
  -2.6560600883428501E-002
  -3.3599518978549032E-003
   2.0081876250941395E-002
   4.2928276320213635E-002
   6.4318380473254333E-002
   8.3625390635246072E-002
  0.10061160774732612     
  0.11527124697404299     
  0.12742544913482939     
  0.13640936259392988     
  0.14119187589012130     
  0.14093228925802465     
  0.13554706360413094     
  0.12577604854682251     
  0.11266760726708747     
   9.6920004150254965E-002
   7.8606474575969879E-002
   5.7466670275264295E-002
   3.3512786656571883E-002
   7.4776945328488935E-003
  -1.9228872657325879E-002
  -4.4991730775359166E-002
  -6.8516263607694486E-002
  -8.9075117757837441E-002
 -0.10641911707368180     
 -0.12052303434663521     
 -0.13136399802426463     
 -0.13881361752815410     
 -0.14260938862439412     
 -0.14235785823580746     
 -0.13759218841575632     
 -0.12795020438308163     
 -0.11347174534833500     
  -9.4869246863481013E-002
  -7.3534601658213655E-002
  -5.1135248926106526E-002
  -2.8930238597678636E-002
  -7.2277363422158800E-003
   1.4566901354602129E-002
   3.7221311539908243E-002
   6.0697577571094424E-002
   8.3638079278437763E-002
  0.10379429177294539     
  0.11920120796772841     
  0.12925047778059323     
  0.13481023917537852     
  0.13730031207163365     
  0.13748241126968797     
  0.13490142046294085     
  0.12834750621357494     
  0.11691060231664407     
  0.10076459145433671     
   8.1091627650955428E-002
   5.9315559242671734E-002
   3.6354199066163093E-002
   1.2464761523364919E-002
  -1.2312438704187139E-002
  -3.7562753909683652E-002
  -6.2246179897873850E-002
  -8.4949049256890022E-002
 -0.10440167461754297     
 -0.11986424956722871     
 -0.13115445895402986     
 -0.13839720133318842     
 -0.14174546921270251     
 -0.14125789744885595     
 -0.13694058833361064     
 -0.12883669986530485     
 -0.11705511937716924     
 -0.10173387490282884     
  -8.3030935206408640E-002
  -6.1230239128541787E-002
  -3.6939094198732765E-002
  -1.1224601268299241E-002
   1.4493564677390184E-002
   3.8839135227018040E-002
   6.0955848031204012E-002
   8.0705875502503049E-002
   9.8388469820001684E-002
  0.11414862237606617     
  0.12750216619565882     
  0.13733679348596170     
  0.14241418614799520     
  0.14203003931691821     
  0.13637669172553699     
  0.12640312446297838     
  0.11333184136051926     
   9.8149672055991052E-002
   8.1308897739168301E-002
   6.2728729253033036E-002
   4.2069506940424023E-002
   1.9152747482277879E-002
  -5.6700933171482913E-003
  -3.1390282877094972E-002
  -5.6540115351797905E-002
  -7.9628554180238370E-002
  -9.9574968658745863E-002
 -0.11588837606229233     
 -0.12850597773067646     
 -0.13744131873900647     
 -0.14251541876764101     
 -0.14335751009647024     
 -0.13964162357189167     
 -0.13135847317593280     
 -0.11893260923660483     
 -0.10312660693500028     
  -8.4792781479385446E-002
  -6.4592870130897498E-002
  -4.2833303496217161E-002
  -1.9538501196600951E-002
   5.2342519504534482E-003
   3.0997610446794260E-002
   5.6605341760234414E-002
   8.0394595007126174E-002
  0.10070854317289567     
  0.11652962801825603     
  0.12778840516312709     
  0.13509002680501553     
  0.13904879182329602     
  0.13973996549283427     
  0.13666976381119117     
  0.12924145950853080     
  0.11732183173716926     
  0.10147717966703754     
   8.2752316971941048E-002
   6.2226550707977689E-002
   4.0692538391253683E-002
   1.8621274754094076E-002
  -3.6851263841176469E-003
  -2.5953502003035336E-002
  -4.7907365932359773E-002
  -6.9270419962683502E-002
  -8.9684160806418362E-002
 -0.10852788450250918     
 -0.12478237262687281     
 -0.13711877015132237     
 -0.14427367002905470     
 -0.14556901332283576     
 -0.14126973770224227     
 -0.13247196594440994     
 -0.12048541584002762     
 -0.10609701657541740     
  -8.9278228475986238E-002
  -6.9577868954880454E-002
  -4.6892907721126496E-002
  -2.2005731447080911E-002
   3.5582367220054392E-003
   2.8264729970571670E-002
   5.1296209655982396E-002
   7.2660446197824177E-002
   9.2617365962685286E-002
  0.11092602753937345     
  0.12651409240850764     
  0.13781391132265242     
  0.14351502536807087     
  0.14320230217812654     
  0.13747634515391749     
  0.12755867207635146     
  0.11470787435890259     
   9.9790684694500989E-002
   8.3155408443358406E-002
   6.4768693610331482E-002
   4.4509440337332153E-002
   2.2506390304771442E-002
  -6.2728667119501028E-004
  -2.3826628800297501E-002
  -4.5920785439882365E-002
  -6.6104133397760279E-002
  -8.4205553154822893E-002
 -0.10053890035606211     
 -0.11539597707867083     
 -0.12849602139125471     
 -0.13877291212692838     
 -0.14468320492677431     
 -0.14486236706371600     
 -0.13873378737913392     
 -0.12675199972624368     
 -0.11020064424122374     
  -9.0674216581025605E-002
  -6.9508887401104530E-002
  -4.7460537267130572E-002
  -2.4772672990584291E-002
  -1.5053888318527983E-003
   2.2145422893557375E-002
   4.5714214340692956E-002
   6.8504708006268691E-002
   8.9685721121127035E-002
  0.10835819935784710     
  0.12360573511658424     
  0.13459640278710816     
  0.14075291939892223     
  0.14189943847117134     
  0.13825172812729392     
  0.13022546375695029     
  0.11822414975888798     
  0.10262861314719958     
   8.4018391631020636E-002
   6.3374884474016360E-002
   4.1969835634675441E-002
   2.0920779843945719E-002
   7.2361615819044214E-004
  -1.8862076095794406E-002
  -3.8438875633759362E-002
  -5.8329814014837944E-002
  -7.8112975368583623E-002
  -9.6666080854050290E-002
 -0.11266199597823420     
 -0.12512800952376663     
 -0.13369990316355873     
 -0.13847048093787889     
 -0.13958598738533246     
 -0.13686352573177166     
 -0.12968994280438095     
 -0.11731817709668173     
  -9.9442719887601824E-002
  -7.6732069244667384E-002
  -5.0947279066732902E-002
  -2.4458642367467125E-002
   6.4559193655950968E-004
   2.3333686846769532E-002
   4.3803907167478437E-002
   6.2983662550888470E-002
   8.1702016421995718E-002
  0.10001492396984935     
  0.11700180131999814     
  0.13105862813082980     
  0.14046785361053293     
  0.14395842156030750     
  0.14106440008482896     
  0.13221348675022235     
  0.11854920796028509     
  0.10155571460627734     
   8.2637381919195604E-002
