   8.6241722398936627E-002
  0.12057715507180662     
  0.14516811580280362     
  0.15802728015452322     
  0.13380854849636287     
   8.6716827300203123E-002
   4.5375566494861380E-002
   5.5434558865483227E-004
  -4.4495504477131187E-002
  -8.5769265342475698E-002
 -0.12028769102568519     
 -0.14491332555674591     
 -0.15799470058110904     
 -0.13437056927759547     
  -8.7198012400622707E-002
  -4.5809329503038315E-002
  -1.1112034505716961E-003
   4.4054329845057305E-002
   8.5297543869372161E-002
  0.11999349084884031     
  0.14466241163659871     
  0.15795347754392122     
  0.13492800972942764     
   8.7685464128007470E-002
   4.6237997850534097E-002
   1.6703413558294558E-003
  -4.3612838343345291E-002
  -8.4826816574069375E-002
 -0.11969442217189100     
 -0.14441531391276671     
 -0.15790394476037939     
 -0.13548045435152220     
  -8.8179350802097198E-002
  -4.6661656679415894E-002
  -2.2315136544082655E-003
   4.3170746317763201E-002
   8.4357331935498783E-002
  0.11939037111626992     
  0.14417195259157187     
  0.15784644651477364     
  0.13602749377461640     
   8.8679821912122994E-002
   4.7080411385550296E-002
   2.7944621568562209E-003
  -4.2727769494549810E-002
  -8.3889327329427651E-002
 -0.11908124263085920     
 -0.14393222872510850     
 -0.15778133649506321     
 -0.13656872599559525     
  -8.9187007457590478E-002
  -4.7494387403968316E-002
  -3.3589170655160205E-003
   4.2283624180721846E-002
   8.3423028085161027E-002
  0.11876696075612475     
  0.14369602478818511     
  0.15770897660085742     
  0.13710375758801269     
   8.9701017354729226E-002
   4.7903729920226207E-002
   3.9245979529350210E-003
  -4.1838028463648536E-002
  -8.2958646590105822E-002
 -0.11844746881489032     
 -0.14346320532013399     
 -0.15762973572685740     
 -0.13763220488378719     
  -9.0221940910803711E-002
  -4.8308603508685932E-002
  -4.4912147838882324E-003
   4.1390703405383596E-002
   8.2496381445538822E-002
  0.11812272952914814     
  0.14323361762902670     
  0.15754398852613249     
  0.13815369512188369     
   9.0749846368256198E-002
   4.8709191698890347E-002
   5.0584689773018965E-003
  -4.0941374227273689E-002
  -8.2036416676718876E-002
 -0.11779272506258656     
 -0.14300709255562125     
 -0.15745211415766153     
 -0.13866786755993604     
  -9.1284780520376627E-002
  -4.9105696471486909E-002
  -5.6260545041929896E-003
   4.0489771480388466E-002
   8.1578921000292418E-002
  0.11745745698878182     
  0.14278344529413386     
  0.15735449502264331     
  0.13917437454486947     
   9.1826768399964870E-002
   4.9498337685395626E-002
   6.1936590176284393E-003
  -4.0035632197375187E-002
  -8.1124047151720349E-002
 -0.11711694618527758     
 -0.14256247626674382     
 -0.15725151549409425     
 -0.13967288253876314     
  -9.2375813042157903E-002
  -4.9887352438184332E-002
  -6.7609650105653098E-003
   3.9578701021402006E-002
   8.0671931275237641E-002
  0.11677123265404886     
  0.14234397204852292     
  0.15714356064429930     
  0.14016307309632023     
   9.2931895322357017E-002
   5.0272994361843848E-002
   7.3276509973474813E-003
  -3.9118731307941718E-002
  -8.0222692378623034E-002
 -0.11642037526911397     
 -0.14212770633932539     
 -0.15703101497465971     
 -0.14064464379052227     
  -9.3494973869889836E-002
  -5.0655532856406386E-002
  -7.8933927145263868E-003
   3.8655486195243359E-002
   7.9776431854815144E-002
  0.11606445145233421     
  0.14191344097897787     
  0.15691426115249671     
  0.14111730908319745     
   9.4064985057798423E-002
   5.1035252264065176E-002
   8.4578643366157499E-003
  -3.8188739639453316E-002
  -7.9333233072168982E-002
 -0.11570355677869297     
 -0.14170092700198250     
 -0.15679367875931574     
 -0.14158080113746613     
  -9.4641843068841214E-002
  -5.1412450986683247E-002
  -9.0207397023186631E-003
   3.7718277410480019E-002
   7.8893161034882725E-002
  0.11533780451261967     
  0.14148990572777506     
  0.15666964305501582     
  0.14203487056920236     
   9.5225440037548403E-002
   5.1787440549777845E-002
   9.5816935467317333E-003
  -3.7243898044830005E-002
  -7.8456262114879924E-002
 -0.11496732507716194     
 -0.14128010988248316     
 -0.15654252376244460     
 -0.14247928713490585     
  -9.5815646267872229E-002
  -5.2160544616269552E-002
  -1.0140402735003726E-002
   3.6765413751815149E-002
   7.8022563856149460E-002
  0.11459226545807244     
  0.14107126474798806     
  0.15641268387664536     
  0.14291384035357235     
   9.6412310525722439E-002
   5.2532097953466694E-002
   1.0696547492913936E-002
  -3.6282651269681172E-002
  -7.7592074852298160E-002
 -0.11421278854509812     
 -0.14086308933402608     
 -0.15628047850302551     
 -0.14333834006042767     
  -9.7015260405385911E-002
  -5.2902445356928375E-002
  -1.1249812629850151E-002
   3.5795452668414530E-002
   7.7164784697777211E-002
  0.11382907241301138     
  0.14065529756895390     
  0.15614625372859475     
  0.14375261689059593     
   9.7624302768583832E-002
   5.3271940535010900E-002
   1.1799888749679872E-002
  -3.5303676096150129E-002
  -7.6740664012998228E-002
 -0.11344130954511809     
 -0.14044759950477145     
 -0.15601034553026788     
 -0.14415652269106813     
  -9.8239224254638408E-002
  -5.3640944958039442E-002
  -1.2346473445065058E-002
   3.4807196466344857E-002
   7.6319664543247873E-002
  0.11304970600222024     
  0.14023970253190862     
  0.15587307872412187     
  0.14454993085955614     
   9.8859791859980020E-002
   5.4009826676193147E-002
   1.2889272470804784E-002
  -3.4305906083054560E-002
  -7.5901719331076922E-002
 -0.11265448054017484     
 -0.14003131259929080     
 -0.15573476595931218     
 -0.14493273660911785     
  -9.9485753584964795E-002
  -5.4378959110284300E-002
  -1.3428000891892472E-002
   3.3799715201928246E-002
   7.5486742961523662E-002
  0.11225586367941850     
  0.13982213543514044     
  0.15559570676021961     
  0.14530485715767452     
  0.10011683914573652     
   5.4748719819742005E-002
   1.3962384202030585E-002
  -3.3288552524716318E-002
  -7.5074631879307546E-002
 -0.11185409672996474     
 -0.13961187776401396     
 -0.15545618662019020     
 -0.14566623184184513     
 -0.10075276074862743     
  -5.5119489252164006E-002
  -1.4492159408483227E-002
   3.2772365625384554E-002
   7.4665264776817689E-002
  0.11144943077558099     
  0.13940024851554927     
  0.15531647615007116     
  0.14601682215476314     
  0.10139321392437152     
   5.5491649478902817E-002
   1.5017076079235119E-002
  -3.2251121306125806E-002
  -7.4258503051502611E-002
 -0.11104212562096781     
 -0.13918696002047409     
 -0.15517683028451174     
 -0.14635661170784880     
 -0.10203787841918430     
  -5.5865582921170255E-002
  -1.5536897348590522E-002
   3.1724805881868053E-002
   7.3854191330967045E-002
  0.11063244870593181     
  0.13897172918943354     
  0.15503748754881747     
  0.14668560611675369     
  0.10268641913955928     
   5.6241671071219093E-002
   1.6051400877461649E-002
  -3.1193425392088060E-002
  -7.3452158063875519E-002
 -0.11022067399063204     
 -0.13875427867030388     
 -0.15489866938889124     
 -0.14700383281199580     
 -0.10333848714744177     
  -5.6620293213139126E-002
  -1.6560379764794343E-002
   3.0657005739059450E-002
   7.3052216174472356E-002
  0.10980708081611759     
  0.13853433797969900     
  0.15476057956659472     
  0.14731134077505109     
  0.10399372070224960     
   5.7001825147853506E-002
   1.7063643406714853E-002
  -3.0115592751879940E-002
  -7.2654163778338721E-002
 -0.10939195274443533     
 -0.13831164460451531     
 -0.15462340362259069     
 -0.14760820020095808     
 -0.10465174634605701     
  -5.7386637926840393E-002
  -1.7561018300210181E-002
   2.9569252175946713E-002
   7.2257784956734669E-002
  0.10897557638268655     
  0.13808594506943536     
  0.15448730840851044     
  0.14789450208873897     
  0.10531218002808224     
   5.7775096599126670E-002
   1.8052348788312439E-002
  -2.9018069587772991E-002
  -7.1862850586698876E-002
 -0.10855824019545125     
 -0.13785699596647188     
 -0.15435244169000778     
 -0.14817035776121446     
 -0.10597462826450482     
  -5.8167558975998533E-002
  -1.8537497744010201E-002
   2.8462150235360171E-002
   7.1469119223834143E-002
  0.10814023331005336     
  0.13762456494274813     
  0.15421893182202231     
  0.14843589831603685     
  0.10663868932947798     
   5.8564374417873238E-002
   1.9016347190287199E-002
  -2.7901618804566194E-002
  -7.1076338034543801E-002
 -0.10772184431916075     
 -0.13738843164288930     
 -0.15408688749729682     
 -0.14869127401001395     
 -0.10730395447313147     
  -5.8965882647630571E-002
  -1.9488798853964026E-002
   2.7336619112229663E-002
   7.0684243774271696E-002
  0.10730336008522365     
  0.13714838860255146     
  0.15395639756893065     
  0.14893665357904379     
  0.10797000916221636     
   5.9372412594680235E-002
   1.9954774651212689E-002
  -2.6767313727032217E-002
  -7.0292563808149341E-002
 -0.10688506455125310     
 -0.13690424208980939     
 -0.15382753094747748     
 -0.14917222349619866     
 -0.10863643433901235     
  -5.9784281273859714E-002
  -2.0414217102901342E-002
   2.6193883519388617E-002
   6.9901017170282007E-002
  0.10646723756240639     
  0.13665581289130985     
  0.15370033657282381     
  0.14939818717073522     
  0.10930280769400424     
   6.0201792703201425E-002
   2.0867089678145170E-002
  -2.5616527141881486E-002
  -6.9509315657764373E-002
 -0.10605015370282603     
 -0.13640293704030804     
 -0.15357484346080993     
 -0.14961476409100444     
 -0.10996870494783423     
  -6.0625236864405421E-002
  -2.1313377064727322E-002
   2.5035460442037347E-002
   6.9117164955392663E-002
  0.10563408115209441     
  0.13614546648391773     
  0.15345106082428098     
  0.14982218891444943     
  0.11063370113795673     
   6.1054888709759905E-002
   2.1753085365296326E-002
  -2.4450915809473648E-002
  -6.8724265786909780E-002
 -0.10521928056562917     
 -0.13588326968713174     
 -0.15332897826798425     
 -0.15002071050805843     
 -0.11129737190545436     
  -6.1491007219030003E-002
  -2.2186242218529301E-002
   2.3863141459696070E-002
   6.8330315088542232E-002
  0.10480600398321713     
  0.13561623217140548     
  0.15320856605645819     
  0.15021059094282554     
  0.11195929477742836     
   6.1933834509706465E-002
   2.2612896844714781E-002
  -2.3272400657059038E-002
  -6.7935007200473865E-002
 -0.10439449376982238     
 -0.13534425698583591     
 -0.15308977545379029     
 -0.15039210444593032     
 -0.11261905044043966     
  -6.2383595003768853E-002
  -2.3033120015482685E-002
   2.2678970879618204E-002
   6.7538035071868396E-002
  0.10398498159264193     
  0.13506726510922212     
  0.15297253913386186     
  0.15056553631450181     
  0.11327622400046768     
   6.2840494653954221E-002
   2.3447003947690098E-002
  -2.2083142928834378E-002
  -6.7139091474957599E-002
 -0.10357768743829539     
 -0.13478519578154557     
 -0.15285677165943293     
 -0.15073118179496794     
 -0.11393040622494452     
  -6.3304720232274972E-002
  -2.3854662121731710E-002
   2.1485219987267386E-002
   6.6737870223725404E-002
  0.10317281867383793     
  0.13449800676367232     
  0.15274237002818036     
  0.15088934493211131     
  0.11458119476245426     
   6.3776438683331244E-002
   2.4256229024841383E-002
  -2.0885516627624140E-002
  -6.6334067392641832E-002
 -0.10277056915517703     
 -0.13420567452434459     
 -0.15262921428354156     
 -0.15104033739206468     
 -0.11522819533579846     
  -6.4255796544712002E-002
  -2.4651859820189897E-002
   2.0284357776663455E-002
   6.5927382530959505E-002
  0.10237111838624487     
  0.13390819435379614     
  0.15251716818799974     
  0.15118447726356204     
  0.11587102290420387     
   6.4742919436547891E-002
   2.5041729942892599E-002
  -1.9682077637675766E-002
  -6.5517519868033933E-002
 -0.10197463073214662     
 -0.13360558040360324     
 -0.15240607995619423     
 -0.15132208784184897     
 -0.11650930279058175     
  -6.5237911622025482E-002
  -2.5426034624262094E-002
   1.9079018575356946E-002
   6.5104189505223065E-002
  0.10158125468925179     
  0.13329786565264440     
  0.15229578304505142     
  0.15145349639969982     
  0.11714267176986121     
   6.5740855640415749E-002
   2.5804988345947799E-002
  -1.8475529967090940E-002
  -6.4687108589905368E-002
 -0.10119112221503897     
 -0.13298510179933415     
 -0.15218609699788624     
 -0.15157903295005243     
 -0.11777077911457150     
  -6.6251812013914307E-002
  -2.6178824225806394E-002
   1.7871967024724388E-002
   6.4266002467279301E-002
  0.10080434812023555     
  0.13266735908054361     
  0.15207682833927222     
  0.15169902900477411     
  0.11839328759400268     
   6.6770819029314421E-002
   2.6547793337654300E-002
  -1.7268689591083766E-002
  -6.3840605805623826E-002
 -0.10042102952560902     
 -0.13234472601792124     
 -0.15196777151724317     
 -0.15181381633410956     
 -0.11900987442344109     
  -6.7297892595278269E-002
  -2.6912163967226684E-002
   1.6666060915524632E-002
   6.3410663690855879E-002
  0.10004124538548974     
  0.13201730909256373     
  0.15185870988927039     
  0.15192372573132654     
  0.11962023216016432     
   6.7833026175681863E-002
   2.7272220806968374E-002
  -1.6064446412936639E-002
  -6.2975932686270636E-002
  -9.9665056079892692E-002
 -0.13168523234928672     
 -0.15174941674824516     
 -0.15202908578708332     
 -0.12022406954306947     
  -6.8376190799255707E-002
  -2.7628264092434546E-002
   1.5464212410638689E-002
   6.2536181853528786E-002
   9.9292503076826508E-002
  0.13134863693196741     
  0.15163965638460730     
  0.15213022167796877     
  0.12082111227302114     
   6.8927335145444454E-002
   2.7980608683358277E-002
  -1.4865724887694996E-002
  -6.2091193731048169E-002
  -9.8923608666140070E-002
 -0.13100768055172798     
 -0.15152918518057251     
 -0.15222745397364640     
 -0.12141110373121566     
  -6.9486385706159406E-002
  -2.8329583092579026E-002
   1.4269348211169701E-002
   6.1640765266146813E-002
   9.8558375765979533E-002
  0.13066253688993182     
  0.15141775273235056     
  0.15232109746692643     
  0.12199380563308872     
   7.0053247022800524E-002
   2.8675528466272693E-002
  -1.3675443873888013E-002
  -6.1184708697424955E-002
  -9.8196787802669716E-002
 -0.13031339493825442     
 -0.15130510299609315     
 -0.15241146003103453     
 -0.12256899861553046     
  -7.0627801997671935E-002
  -2.9018797519051131E-002
   1.3084369238243309E-002
   6.0722852384068653E-002
   9.7838808664560600E-002
  0.12996045827827374     
  0.15119097545327159     
  0.15249884150821624     
  0.12313648275540726     
   7.1209912278635795E-002
   2.9359753427704135E-002
  -1.2496476290586271E-002
  -6.0255041578942278E-002
  -9.7484382730105193E-002
 -0.12960394430329808     
 -0.15107510629107371     
 -0.15258353263371860     
 -0.12369607801765532     
  -7.1799418715589328E-002
  -2.9698768687472437E-002
   1.1912110410690487E-002
   5.9781139142541004E-002
   9.7133434970167451E-002
  0.12924408338531670     
  0.15095722959339153     
  0.15266581399904275     
  0.12424762463144678     
   7.2396141887094437E-002
   3.0036223934905168E-002
  -1.1331609160735849E-002
  -5.9301026195091699E-002
  -9.6785871124276696E-002
 -0.12888111799020657     
 -0.15083707853790285     
 -0.15274595505822314     
 -0.12479098339321856     
  -7.2999882695227281E-002
  -3.0372506741452095E-002
   1.0755301098190799E-002
   5.8814602704308584E-002
   9.6441577950284255E-002
  0.12851530174447692     
  0.15071438659475592     
  0.15282421318072589     
  0.12532603589558733     
   7.3610423026485725E-002
   3.0708010382066803E-002
  -1.0183504616876622E-002
  -5.8321788006551294E-002
  -9.6100423546592040E-002
 -0.12814689845705640     
 -0.15058888872234000     
 -0.15290083275437952     
 -0.12585268468148494     
  -7.4227526476332906E-002
  -3.1043132583172400E-002
   9.6165268204174773E-003
   5.7822521259363810E-002
   9.5762257745873769E-002
  0.12777618109975275     
  0.15046032255565395     
  0.15297604434157902     
  0.12637085332307277     
   7.4850939134753824E-002
   3.1378274254428143E-002
  -9.0546624321402626E-003
  -5.7316761823634030E-002
  -9.5426912578925632E-002
 -0.12740343075020763     
 -0.15032842958280293     
 -0.15305006389178361     
 -0.12688048642532254     
  -7.5480390429953151E-002
  -3.1713838208783818E-002
   8.4981927453845751E-003
   5.6804489573855477E-002
   9.5094202807043310E-002
  0.12702893550127456     
  0.15019295630520102     
  0.15312309201314947     
  0.12738154955436495     
   7.6115594027142824E-002
   3.2050227875360861E-002
  -7.9473846180155919E-003
  -5.6285705135247915E-002
  -9.4763926521053782E-002
 -0.12665298934090249     
 -0.15005365537712612     
 -0.15319531330588312     
 -0.12787402909104478     
  -7.6756248779144137E-002
  -3.2387846009714429E-002
   7.4024895147942566E-003
   5.5760430046745260E-002
   9.4435865804895575E-002
  0.12627589100669334     
  0.14991028672033502     
  0.15326689575971311     
  0.12835793201032997     
   7.7402039725366537E-002
   3.2727093406054175E-002
  -6.8637426010715917E-003
  -5.5228706849140594E-002
  -9.4109787461393798E-002
 -0.12589794281941755     
 -0.14976261860956241     
 -0.15333799021759575     
 -0.12883328558755239     
  -7.8052639135533744E-002
  -3.3068367615974467E-002
   6.3313618911034842E-003
   5.4690599097941613E-002
   9.3785443797652746E-002
  0.12551944949983365     
  0.14961042872480768     
  0.15340872990757240     
  0.12930013703266771     
   7.8707707594381310E-002
   3.3412061678247826E-002
  -5.8055474540763255E-003
  -5.4146191300767067E-002
  -9.3462573467264012E-002
 -0.12514071697323570     
 -0.14945350516647044     
 -0.15347923004439545     
 -0.12975855305403461     
  -7.9366895123397008E-002
  -3.3758562864161311E-002
   5.2864806807328421E-003
   5.3595588779391301E-002
   9.3140902366319417E-002
  0.12476205116618788     
  0.14929164742949577     
  0.15354958750232917     
  0.13020861935342345     
   8.0029842335543361E-002
   3.4108251442858707E-002
  -4.7743236132675301E-003
  -5.3038917456811163E-002
  -9.2820144580017680E-002
 -0.12438375679994539     
 -0.14912466733288332     
 -0.15361988056022433     
 -0.13065044005425613     
  -8.0696181618792856E-002
  -3.4461499471035051E-002
   4.2692183409323839E-003
   5.2476323569991885E-002
   9.2500003376466605E-002
  0.12400613618506881     
  0.14895238990103685     
  0.15369016871973948     
  0.13108413706528199     
   8.1365538344190552E-002
   3.4818669611286948E-002
