   4.4514868048238794E-002
   6.5647054603551566E-002
   8.5456410208231012E-002
  0.10354550897234502     
  0.11950669282589606     
  0.13280613619290904     
  0.14264271401434647     
  0.14792060249471570     
  0.14746350911755871     
  0.14047048191159969     
  0.12703933577373322     
  0.10845361427563460     
   8.6934020363196154E-002
   6.4805011678788479E-002
   4.3483054935925053E-002
   2.2977713387359825E-002
   2.3095044848424800E-003
  -1.9444119985403491E-002
  -4.2232850244851322E-002
  -6.4879646846989922E-002
  -8.5747491273014356E-002
 -0.10367291278879129     
 -0.11841088510575268     
 -0.13025729602707178     
 -0.13922459296520243     
 -0.14451170940428890     
 -0.14474435474753042     
 -0.13882473278955457     
 -0.12673190624884412     
 -0.10965936869403863     
  -8.9433865631116757E-002
  -6.7716054232672518E-002
  -4.5542875328376857E-002
  -2.3373188797158915E-002
  -1.3933023251742108E-003
   2.0238449594084232E-002
   4.1328274489695178E-002
   6.1669451719825845E-002
   8.1014309723003525E-002
   9.8976731525576969E-002
  0.11496425306417069     
  0.12822701558295457     
  0.13800043393991901     
  0.14364161823369315     
  0.14468266774698479     
  0.14080428961810171     
  0.13180211728572996     
  0.11763419619657066     
   9.8587363325006228E-002
   7.5498380876527188E-002
   4.9862119421804692E-002
   2.3636654089193274E-002
  -1.2987006588362907E-003
  -2.3792851101685848E-002
  -4.3764246444060906E-002
  -6.1984314135811291E-002
  -7.9436631592887219E-002
  -9.6627983957134789E-002
 -0.11318532541499125     
 -0.12787953012951472     
 -0.13901591491755683     
 -0.14499310108944227     
 -0.14480861109088827     
 -0.13836096673262913     
 -0.12646351010574181     
 -0.11052911259296080     
  -9.2012311208598485E-002
  -7.1897618453879084E-002
  -5.0571149167332456E-002
  -2.8152954681528848E-002
  -4.9940445877111588E-003
   1.8091612188098634E-002
   4.0056546332939917E-002
   6.0115414536776796E-002
   7.8093111966543685E-002
   9.4329482335924225E-002
  0.10918688499017236     
  0.12251629007918856     
  0.13348185346203087     
  0.14086196791405003     
  0.14356805989768562     
  0.14100749363650303     
  0.13313176895279752     
  0.12027774352681556     
  0.10299203228917352     
   8.1950025876537241E-002
   5.7973150831511548E-002
   3.2085058892224544E-002
   5.5299172192737351E-003
  -2.0315442901919185E-002
  -4.4165274940647335E-002
  -6.5130114527355926E-002
  -8.2949017628284188E-002
  -9.7972050716026576E-002
 -0.11083831256230352     
 -0.12199461436575183     
 -0.13131564277180185     
 -0.13802168628230360     
 -0.14090642524369645     
 -0.13873770544580294     
 -0.13067494379796835     
 -0.11660811038268419     
  -9.7344737007380305E-002
  -7.4538673818186046E-002
  -5.0293481449571138E-002
  -2.6547165945322984E-002
  -4.5094655388479045E-003
   1.5587989812648726E-002
   3.4325164311268246E-002
   5.2585099197398559E-002
   7.0925272555713528E-002
   8.9131924177918626E-002
  0.10619056194991826     
  0.12068153854835686     
  0.13137508427833788     
  0.13769332457992270     
  0.13976509738728288     
  0.13802525249581743     
  0.13262979062845651     
  0.12313634493101903     
  0.10874075929817255     
   8.8969707997786973E-002
   6.4387402340786840E-002
   3.6792364337304900E-002
   8.6683629016938019E-003
  -1.7792114546000156E-002
  -4.1415592262756921E-002
  -6.2086963662925376E-002
  -8.0244292534997180E-002
  -9.6299514399271507E-002
 -0.11032164466108109     
 -0.12201053595621701     
 -0.13081892994519936     
 -0.13610942835913051     
 -0.13732288918037283     
 -0.13414039250917545     
 -0.12655481870848748     
 -0.11477886404311516     
  -9.9070084811794218E-002
  -7.9693925054919443E-002
  -5.7159624771645483E-002
  -3.2561376185907175E-002
  -7.6321264428929987E-003
   1.5721867442699409E-002
   3.6178466435366749E-002
   5.3534290843590182E-002
   6.8656221873623996E-002
   8.2868192405598229E-002
   9.7096372657772476E-002
  0.11123528457448902     
  0.12410708130512621     
  0.13401805396459043     
  0.13950401939474769     
  0.13978161040997036     
  0.13473160150210614     
  0.12460352959229490     
  0.10975983329440064     
   9.0646434337482457E-002
   6.7935717624966543E-002
   4.2635452566578497E-002
   1.6008281815089065E-002
  -1.0662844352848528E-002
  -3.6279957064399945E-002
  -5.9955921542996581E-002
  -8.0900199391601549E-002
  -9.8366473812906752E-002
 -0.11181760592816301     
 -0.12122244836511696     
 -0.12718292578986626     
 -0.13062530241926487     
 -0.13210992108913625     
 -0.13120659553883818     
 -0.12650646731383169     
 -0.11646578264745568     
 -0.10057506876739458     
  -7.9946222115674620E-002
  -5.6826266759816196E-002
  -3.3447091581728032E-002
  -1.1102557921898444E-002
   9.9756208469503616E-003
   3.0055323774627416E-002
   4.9218209205814129E-002
   6.7075208821663082E-002
   8.2997394141444220E-002
   9.6563694619836757E-002
  0.10782746651140246     
  0.11720347691862221     
  0.12504949628452519     
  0.13120023715536103     
  0.13474698702611598     
  0.13422500027148868     
  0.12814082642485997     
  0.11559615964056820     
   9.6733794605350337E-002
   7.2814363352073030E-002
   4.5881583527441441E-002
   1.8157337141431265E-002
  -8.5576003453750899E-003
  -3.3216753107941012E-002
  -5.5493580811467894E-002
  -7.5465245301330003E-002
  -9.3209147383078575E-002
 -0.10850837206070166     
 -0.12078705746550718     
 -0.12929241804517821     
 -0.13343219385726229     
 -0.13307918073054437     
 -0.12863086931978615     
 -0.12074677815544634     
 -0.10993491678260556     
  -9.6312302356447083E-002
  -7.9753470197521270E-002
  -6.0326094176387790E-002
  -3.8652565841449903E-002
  -1.5889142996796324E-002
   6.6427847787974515E-003
   2.7862599468216030E-002
   4.7122333524587237E-002
   6.4178779635039804E-002
   7.9076106310529318E-002
   9.2028007488799163E-002
  0.10329892144517022     
  0.11305851197248316     
  0.12122449579576909     
  0.12735392571282944     
  0.13064864707829824     
  0.13010665281786585     
  0.12479294009020361     
  0.11414139496812625     
   9.8166907425682182E-002
   7.7495697783820594E-002
   5.3209973354639999E-002
   2.6606494173700514E-002
  -9.8374646184823324E-004
  -2.8230544520169036E-002
  -5.3757703130993657E-002
  -7.6190368781781037E-002
  -9.4423634169905027E-002
 -0.10802211862151054     
 -0.11743959026775769     
 -0.12375995191114141     
 -0.12797317576553602     
 -0.13018994493071975     
 -0.12935422570741439     
 -0.12378759094099515     
 -0.11235830377590098     
  -9.5507021198421332E-002
  -7.5294151716322796E-002
  -5.4331713044918455E-002
  -3.4392445751379001E-002
  -1.5741050684690113E-002
   2.4193330219888839E-003
   2.0887789249462770E-002
   3.9663209687558931E-002
   5.7908757830094020E-002
   7.4527610303628436E-002
   8.8800434900313668E-002
  0.10062894180288333     
  0.11030230400052858     
  0.11803701006428821     
  0.12364524584875757     
  0.12653587543721395     
  0.12597441360820480     
  0.12134660730699588     
  0.11223583300342874     
   9.8370569694153961E-002
   7.9675125074492772E-002
   5.6554795038280148E-002
   3.0222390149933345E-002
   2.6609365230533810E-003
  -2.3966164099553978E-002
  -4.8120901964866319E-002
  -6.9297412244621895E-002
  -8.7727386542088392E-002
 -0.10365976471678866     
 -0.11678550005346744     
 -0.12622379155875002     
 -0.13105626690358541     
 -0.13096586279097167     
 -0.12643576609757654     
 -0.11834181718274631     
 -0.10731380992201853     
  -9.3437380454341981E-002
  -7.6559876190296902E-002
  -5.6927340010604663E-002
  -3.5568016592263982E-002
  -1.4060848700682060E-002
   6.1093827539356093E-003
   2.4095241536747341E-002
   3.9816383936625094E-002
   5.3746242807626063E-002
   6.6587149428126907E-002
   7.8977877607069105E-002
   9.1245969473546906E-002
  0.10319375123555133     
  0.11398538636739224     
  0.12226309375217508     
  0.12654934210706389     
  0.12579916588789361     
  0.11980323339142021     
  0.10916919214045061     
   9.4854910878845247E-002
   7.7556876293363428E-002
   5.7423683163480531E-002
   3.4362238000420334E-002
   8.7225040563226712E-003
  -1.8202178825449850E-002
  -4.4311675460922934E-002
  -6.7452607732240030E-002
  -8.6305516942855237E-002
 -0.10080180798582848     
 -0.11179045250007730     
 -0.12020109666306701     
 -0.12626233674677709     
 -0.12924598572424367     
 -0.12787014662607590     
 -0.12111503842031812     
 -0.10893762294190637     
  -9.2407691703740108E-002
  -7.3207993709774086E-002
  -5.2925800945128235E-002
  -3.2645257610711700E-002
  -1.2989377824141553E-002
   5.6280252339523428E-003
   2.2850406206563458E-002
   3.8425274730602914E-002
   5.2325104559649602E-002
   6.4776454681186257E-002
   7.6145897175296046E-002
   8.6751767967466989E-002
   9.6699312101276247E-002
  0.10579007100470561     
  0.11350302279584379     
  0.11902742644813635     
  0.12133927817310572     
  0.11932985253255365     
  0.11200634030186096     
   9.8786284532745017E-002
   7.9861018177303553E-002
   5.6468174709535475E-002
   3.0781127674188162E-002
   5.2425142069482435E-003
  -1.8381552703442553E-002
  -3.9582464170348365E-002
  -5.8887414021720617E-002
  -7.7021011167628634E-002
  -9.4059515361945664E-002
 -0.10911702452606818     
 -0.12070975620356331     
 -0.12750578807761545     
 -0.12893987855156883     
 -0.12531572775822461     
 -0.11741280655062547     
 -0.10594694680969655     
  -9.1294430697021173E-002
  -7.3670170263187035E-002
  -5.3582969250449246E-002
  -3.2143919337812722E-002
  -1.0921846825210888E-002
   8.5739199920922392E-003
   2.5423376730415399E-002
   3.9521505091896877E-002
   5.1430131270134113E-002
   6.2003305755371239E-002
   7.1996968087688656E-002
   8.1808403519666631E-002
   9.1389448318910979E-002
  0.10030394585452328     
  0.10786326762331484     
  0.11326596616328610     
  0.11569081160344409     
  0.11434074725115614     
  0.10848283268909692     
   9.7546213465888792E-002
   8.1309600362313800E-002
   6.0140036913561130E-002
   3.5174746783855924E-002
   8.3083474369898547E-003
  -1.8122068657751192E-002
  -4.1946361303866440E-002
  -6.1849761806413467E-002
  -7.7751014374259395E-002
  -9.0572281913448321E-002
 -0.10148996474601565     
 -0.11111846725966754     
 -0.11909347063120057     
 -0.12422154925906244     
 -0.12502259545476582     
 -0.12032775010789165     
 -0.10967088319654304     
  -9.3432426719820577E-002
  -7.2842135818123988E-002
  -4.9873503555741147E-002
  -2.6905152752134166E-002
  -6.0795003562432552E-003
   1.1409608992652993E-002
   2.5660048767239523E-002
   3.7764051396263758E-002
   4.9025160857236502E-002
   6.0173689406867903E-002
   7.1054520940684679E-002
   8.0929614810664477E-002
   8.9125614555476337E-002
   9.5544751369401826E-002
  0.10066388555914944     
  0.10499549375142536     
  0.10837136490029557     
  0.10957049876250845     
  0.10660553551253668     
   9.7572517968425976E-002
   8.1652846730610920E-002
   5.9736858454726552E-002
   3.4229027187971772E-002
   8.0311719439363476E-003
  -1.6648641112517591E-002
  -3.8826825770817482E-002
  -5.8405381156527852E-002
  -7.5496032763064838E-002
  -9.0017599007633023E-002
 -0.10172469654781047     
 -0.11042906405224730     
 -0.11611424902116786     
 -0.11883085337410430     
 -0.11847314411896177     
 -0.11462161267835319     
 -0.10658414871943059     
  -9.3672553707451908E-002
  -7.5668289870666927E-002
  -5.3324757931636352E-002
  -2.8604278808812608E-002
  -4.3246740119810834E-003
   1.6784648959153593E-002
   3.3115218458242800E-002
   4.4666762787874958E-002
   5.2770871259859874E-002
   5.9326299311753983E-002
   6.5975028165602287E-002
   7.3541793143475406E-002
   8.1901644919498209E-002
   9.0253564099861003E-002
   9.7576246062942809E-002
  0.10297157684683084     
  0.10574530628807856     
  0.10529825799067684     
  0.10101412164734935     
   9.2280922633696735E-002
   7.8658919589141549E-002
   6.0122964438848306E-002
   3.7296915590500482E-002
   1.1589355607435460E-002
  -1.4905717193465290E-002
  -3.9843979491722178E-002
  -6.1283307138075040E-002
  -7.8212059673575016E-002
  -9.0669210791197691E-002
  -9.9462465248637943E-002
 -0.10569055777273344     
 -0.11025444312659499     
 -0.11345374451960796     
 -0.11475497450634012     
 -0.11285687933975293     
 -0.10614780427874727     
  -9.3479638047098981E-002
  -7.4927826881848181E-002
  -5.2069819250374010E-002
  -2.7520070834986400E-002
  -3.9561587447617102E-003
   1.6761108555494102E-002
   3.3887830721879217E-002
   4.7504574450879390E-002
   5.8008338765894410E-002
   6.5795926117944492E-002
   7.1284782384379047E-002
   7.5122419093533607E-002
   7.8304114158258747E-002
   8.1981833891998618E-002
   8.6950263232998828E-002
   9.3056897227754551E-002
   9.8935390638542481E-002
  0.10232396428818787     
  0.10086458975535961     
   9.2989308756630584E-002
   7.8481179769255963E-002
   5.8477659937091087E-002
   3.4949782955963772E-002
   9.9731697997112265E-003
  -1.4771412344330888E-002
  -3.8055480309858399E-002
  -5.8912797346242926E-002
  -7.6551442778295356E-002
  -9.0480223468622417E-002
 -0.10065816158135051     
 -0.10744198792428199     
 -0.11131680554239713     
 -0.11259245796878192     
 -0.11125703304457818     
 -0.10702821734984541     
  -9.9492243706372829E-002
  -8.8217018626829527E-002
  -7.2869285836458769E-002
  -5.3468656950874140E-002
  -3.0774484452510357E-002
  -6.5111325345760911E-003
   1.6909323705604148E-002
   3.7129518993677925E-002
   5.2623592664417101E-002
   6.3100008360771620E-002
   6.9414003182096548E-002
   7.3095484536414998E-002
   7.5710755636447469E-002
   7.8343119975139569E-002
   8.1413244563050560E-002
   8.4827216111541676E-002
   8.8223716204411634E-002
   9.1085911482359547E-002
   9.2664413205763324E-002
   9.1855764641656873E-002
   8.7248867113716655E-002
   7.7449695195031060E-002
   6.1608279555988493E-002
   3.9929518695429281E-002
   1.3910164897308383E-002
  -1.3879950644448736E-002
  -4.0451748414850539E-002
  -6.3222209094939169E-002
  -8.0664071613441732E-002
  -9.2569290321696529E-002
  -9.9894158219208634E-002
 -0.10424210833088479     
 -0.10711236672462998     
 -0.10916582416365371     
 -0.10983861974855488     
 -0.10755064293465541     
 -0.10050404891955395     
  -8.7724513373819007E-002
  -6.9739580536644252E-002
  -4.8401979046592811E-002
  -2.5955850896391682E-002
  -4.0705860439568800E-003
   1.6431185842727850E-002
   3.5113226380565479E-002
   5.1364964614291131E-002
   6.4343286911701561E-002
   7.3418247936631681E-002
   7.8654194452434947E-002
   8.0915303383237977E-002
   8.1539390652122873E-002
   8.1803429856367460E-002
   8.2480572335325311E-002
   8.3688227612608440E-002
   8.5013167732399864E-002
   8.5714653040184940E-002
   8.4811227935031985E-002
   8.1053465693046431E-002
   7.2993231855546445E-002
   5.9375518235917982E-002
   3.9825021605461954E-002
   1.5422611600299778E-002
  -1.1364446617120577E-002
  -3.7533106855249840E-002
  -6.0648960125643477E-002
  -7.9458259410274415E-002
  -9.3738453521760037E-002
 -0.10374173554619767     
 -0.10975817310465648     
 -0.11204308468184507     
 -0.11097806371588444     
 -0.10715711590489869     
 -0.10119338166198805     
  -9.3314267743981355E-002
  -8.3042824055455294E-002
  -6.9309146666788474E-002
  -5.1144265096921250E-002
  -2.8674722888572340E-002
  -3.7030446832254349E-003
   2.0727357990776310E-002
   4.1596686893253361E-002
   5.7136625420169333E-002
   6.7295763592576302E-002
   7.3361043046158023E-002
   7.7114411959797999E-002
   7.9996952319208489E-002
   8.2632519879803204E-002
   8.4842216249763874E-002
   8.6042360424012448E-002
   8.5758814381817955E-002
   8.3958902040375524E-002
   8.1002796106109928E-002
   7.7228184748320106E-002
   7.2417526283983166E-002
   6.5514489868784678E-002
   5.4865485858105259E-002
   3.8986572172408869E-002
   1.7515044305986674E-002
  -8.2035682069512041E-003
  -3.5321482955355053E-002
  -6.0463140620693634E-002
  -8.0951719636958755E-002
  -9.5618639315729906E-002
 -0.10482661297786988     
 -0.10983043502357194     
 -0.11191783287991859     
 -0.11176796123719107     
 -0.10926275488645165     
 -0.10375749853132378     
  -9.4614754933878581E-002
  -8.1663812758394780E-002
  -6.5296114389480964E-002
  -4.6205086767985959E-002
  -2.5100082965825308E-002
  -2.7318248625461698E-003
   1.9795655884165698E-002
   4.0842397587006952E-002
   5.8558478493146535E-002
   7.1595764619519164E-002
   7.9670131582115819E-002
   8.3577858642350206E-002
   8.4724960507366928E-002
   8.4509703858635779E-002
   8.3879748021697134E-002
   8.3212663730114114E-002
   8.2465819042395652E-002
   8.1393044912499893E-002
   7.9622397219217003E-002
   7.6553587379131913E-002
   7.1247838176050807E-002
   6.2559425447000785E-002
   4.9597179541857897E-002
   3.2293287846367383E-002
   1.1642504773056920E-002
  -1.0677481442632673E-002
  -3.3077829348493029E-002
  -5.4573317191131517E-002
  -7.4601316050603078E-002
  -9.2407599536659515E-002
 -0.10669557666515024     
 -0.11596493965989843     
 -0.11931228924591640     
 -0.11704207403289084     
 -0.11057046781543829     
 -0.10163722059279125     
  -9.1323227405885263E-002
  -7.9495246349856330E-002
  -6.5059349176741721E-002
  -4.6927198610536576E-002
  -2.5092058455870328E-002
  -1.0538592168364814E-003
   2.2713415759321162E-002
   4.3822961526058440E-002
   6.0809053244280160E-002
   7.3306205126804469E-002
   8.1706762323582899E-002
   8.6704394254376885E-002
   8.9011708594691666E-002
   8.9276606961525118E-002
   8.8076015373217714E-002
   8.5893412149955412E-002
   8.3077023105014594E-002
   7.9811341102887554E-002
   7.6097703566608568E-002
   7.1700438949962420E-002
   6.6049511751560194E-002
   5.8195295925121751E-002
   4.6978640750102996E-002
   3.1488001121176785E-002
   1.1646883827185641E-002
  -1.1408462372837765E-002
  -3.5476041475905724E-002
  -5.8012622255620989E-002
  -7.7090100709269208E-002
  -9.1985037544484741E-002
 -0.10302026689655727     
 -0.11085719687102621     
 -0.11581113052050392     
 -0.11761267613571638     
 -0.11563209407281709     
 -0.10930060864800087     
  -9.8428607796508111E-002
  -8.3280958945669281E-002
  -6.4488537819539518E-002
  -4.2971381511607121E-002
  -1.9937287685555419E-002
   3.1682116383329093E-003
   2.4905539776280083E-002
   4.4203056609697061E-002
   6.0550912161315168E-002
   7.3844670248296954E-002
   8.4036860741728558E-002
   9.0938568238342204E-002
   9.4351715893827029E-002
   9.4403042399361106E-002
   9.1780122655812785E-002
   8.7641369426085011E-002
   8.3195631687757635E-002
   7.9164643343370839E-002
   7.5427023349975669E-002
   7.1047668648731396E-002
   6.4682945130562192E-002
   5.5162830224998911E-002
   4.1983177080868690E-002
   2.5481612157194067E-002
   6.6032368485048395E-003
  -1.3591159670201424E-002
  -3.4291127536521797E-002
  -5.4872245183524536E-002
  -7.4512795973276244E-002
  -9.1938120937968201E-002
 -0.10563684874913715     
 -0.11446550865094492     
 -0.11819379059792216     
 -0.11754718530571685     
 -0.11367270156977705     
 -0.10736984329209068     
  -9.8571741306493724E-002
  -8.6393314406172581E-002
  -6.9752047263288097E-002
  -4.8264078617653930E-002
  -2.2922918345341717E-002
   3.8996067584603899E-003
   2.9236331927610073E-002
   5.0659927532418957E-002
   6.7055009501181984E-002
   7.8612465460085212E-002
   8.6248371317170294E-002
   9.0974381382440947E-002
   9.3565705473138402E-002
   9.4513019245351812E-002
   9.4070973452924797E-002
   9.2286841486597646E-002
   8.9036568339478900E-002
   8.4140352291033629E-002
   7.7545109056737435E-002
   6.9441023642181063E-002
   6.0153566114367674E-002
   4.9799143138000025E-002
   3.7943960857490112E-002
   2.3635238911568858E-002
   5.9890248275901673E-003
  -1.4928590796481383E-002
  -3.7591218128896424E-002
  -5.9450302591028993E-002
  -7.8152416849147588E-002
  -9.2597144087551958E-002
 -0.10303703410202816     
 -0.11033426466672507     
 -0.11510493976612907     
 -0.11731878860628983     
 -0.11642204021314356     
 -0.11171248087692572     
 -0.10265854791790542     
  -8.9036248408280783E-002
  -7.0966072338537967E-002
  -4.8981110257146257E-002
  -2.4130657189667309E-002
   2.0151039895538289E-003
   2.7574926087895638E-002
   5.0726445511959747E-002
   7.0041543724937025E-002
   8.4637320958585727E-002
   9.4170833732281495E-002
   9.8816539944252310E-002
   9.9295760730175098E-002
   9.6868390100815702E-002
   9.3121625504653735E-002
   8.9487254397980359E-002
   8.6645391760640969E-002
   8.4165895569913690E-002
   8.0688279410386032E-002
   7.4608355455274111E-002
   6.4886164034123991E-002
   5.1512180595210177E-002
   3.5386395891986978E-002
   1.7707798583461477E-002
  -7.1080293206423240E-004
  -1.9683003604654609E-002
  -3.9236376571987551E-002
  -5.8923831912722074E-002
  -7.7525062734988798E-002
  -9.3446515967824065E-002
 -0.10547531287088302     
 -0.11325429249911893     
 -0.11715609086504306     
 -0.11776612472096633     
 -0.11542317415155931     
 -0.11008758595383286     
 -0.10148243727995013     
  -8.9286093875238184E-002
  -7.3235462646740274E-002
  -5.3201215910211999E-002
  -2.9394061800790051E-002
  -2.7148140446956802E-003
   2.5009613272073430E-002
   5.1231611766762192E-002
   7.3367623478639926E-002
   8.9619645807958864E-002
   9.9491185551832256E-002
  0.10376324213400652     
  0.10398912906981428     
  0.10179261865845204     
   9.8331000704003399E-002
   9.4144658042377954E-002
   8.9339310062472893E-002
   8.3861320769689537E-002
   7.7646683146921899E-002
   7.0570409136994777E-002
   6.2275530153535923E-002
   5.2053780932902180E-002
   3.8948148805459964E-002
   2.2146651101777257E-002
   1.5648129632171203E-003
  -2.1685288175256050E-002
  -4.5342634710904869E-002
  -6.6744948342140190E-002
  -8.3923761667527477E-002
  -9.6328682308372132E-002
 -0.10471971173201428     
 -0.11039795605601704     
 -0.11433172738415426     
 -0.11665091859736489     
 -0.11665798423855013     
 -0.11322343105144533     
 -0.10531915710802654     
  -9.2460576547086615E-002
  -7.4895846686280812E-002
  -5.3482461768507031E-002
  -2.9354710092628578E-002
  -3.6371776168742280E-003
   2.2571662518140023E-002
   4.7983081150511482E-002
   7.0975276990645514E-002
   8.9803875830677685E-002
  0.10310922752278094     
  0.11037655847455421     
  0.11206788111628470     
  0.10941638346918894     
  0.10403104623253118     
   9.7446255841585602E-002
   9.0727911261059307E-002
   8.4261089631103431E-002
   7.7792802584640663E-002
   7.0666143213964000E-002
   6.2087587916726736E-002
   5.1308545164542328E-002
   3.7721120620067224E-002
   2.0957952074717706E-002
   1.0760626264631644E-003
  -2.1213484082832409E-002
  -4.4450340845205008E-002
  -6.6654221235024000E-002
  -8.5871883536292604E-002
 -0.10077065582767618     
 -0.11093040797740683     
 -0.11669500376066604     
 -0.11875804612055979     
 -0.11779480630886213     
 -0.11431485321497852     
 -0.10865997775247663     
 -0.10095258275134834     
  -9.0912394832221730E-002
  -7.7699721989763867E-002
  -6.0099175326801535E-002
  -3.7232347474523114E-002
  -9.5380565460943811E-003
   2.0700578494034273E-002
   4.9893536523752620E-002
   7.4562160884277640E-002
   9.2718832046678870E-002
  0.10434577981107430     
  0.11080462230812993     
  0.11369438325610536     
  0.11393400972942751     
  0.11158952147929910     
  0.10639780021214149     
   9.8477676224389521E-002
   8.8667068805708057E-002
   7.8243755126594317E-002
   6.8229494005811367E-002
   5.8759352778720790E-002
   4.8929974245501412E-002
   3.7198700853024687E-002
   2.2092674538132597E-002
   2.9044894919681439E-003
  -1.9870079868253239E-002
  -4.4501075291954899E-002
  -6.8450378532100939E-002
  -8.9141713679302917E-002
 -0.10477042272434409     
 -0.11478178958627770     
 -0.11979861824025390     
 -0.12106890756421167     
 -0.11974753315086814     
 -0.11638199033748345     
 -0.11082920822098402     
 -0.10257341667895718     
  -9.1171941638488241E-002
  -7.6486335458513952E-002
  -5.8564112061878601E-002
  -3.7394021887493807E-002
  -1.2939522168590858E-002
   1.4365610948000075E-002
   4.2993502724659738E-002
   7.0252091532260016E-002
   9.3110512203999393E-002
  0.10941560575135766     
  0.11860412599114803     
  0.12153276525868362     
  0.11977201631008284     
  0.11490996716210113     
  0.10816750025852638     
  0.10032952784243800     
   9.1831612084264352E-002
   8.2830007723825580E-002
   7.3194239818493725E-002
   6.2497682938017045E-002
   5.0124676164879083E-002
   3.5522415935278578E-002
   1.8479903747587768E-002
  -7.4778907152498126E-004
  -2.1552277097890045E-002
  -4.3201587701654977E-002
  -6.4940770751376733E-002
  -8.5829271832693413E-002
 -0.10448640903814291     
 -0.11911839420665396     
 -0.12803307612120227     
 -0.13041745703282653     
 -0.12685088043573456     
 -0.11913237827052862     
 -0.10944001583017206     
  -9.9274420288383847E-002
  -8.8764310398714533E-002
  -7.6699900927222092E-002
  -6.1283566310615892E-002
  -4.1215646925824773E-002
  -1.6526306722854382E-002
   1.1296435756603069E-002
   3.9867630220222244E-002
   6.6715468163939931E-002
   8.9868195742451154E-002
  0.10804501415538342     
  0.12057698836811945     
  0.12727215349521004     
  0.12835245410647964     
  0.12446318607038467     
  0.11667334113187318     
  0.10636669883889945     
   9.4971185023282251E-002
   8.3580073976055949E-002
   7.2626165190434508E-002
   6.1786557162070342E-002
   5.0183031983051213E-002
   3.6775372426462137E-002
   2.0752738445009283E-002
   1.7842218644074440E-003
  -1.9865986926439264E-002
  -4.3277078578031022E-002
  -6.6871578930325942E-002
  -8.8630019881198160E-002
 -0.10662144083420153     
 -0.11963774407792879     
 -0.12748996480632285     
 -0.13073676929167155     
 -0.13008516095081887     
 -0.12592821327387602     
 -0.11830120344956017     
 -0.10718490390194396     
  -9.2843113677917463E-002
  -7.5895119777277475E-002
  -5.7061732898442158E-002
  -3.6791857812676847E-002
  -1.5081999020278205E-002
   8.3097626036455104E-003
   3.3326585684367437E-002
   5.9104849652760104E-002
   8.3885843564854262E-002
  0.10544006366985165     
  0.12173965218029886     
  0.13152491723367032     
  0.13456843149893949     
  0.13161748416887953     
  0.12408980907117909     
  0.11364093248452321     
  0.10173552138528034     
   8.9333531885684131E-002
   7.6760443828435762E-002
   6.3788535489594386E-002
   4.9901204292486158E-002
   3.4633481278610906E-002
   1.7817073710562827E-002
  -4.1569898473689765E-004
  -1.9852062264889728E-002
  -4.0403492103333584E-002
  -6.1988305267146972E-002
  -8.4038321611861269E-002
 -0.10500288399702805     
 -0.12241853894351960     
 -0.13379005915323566     
 -0.13784076501175821     
 -0.13521735642030241     
 -0.12803333325049193     
 -0.11854599365237665     
 -0.10791884077659078     
  -9.5852779607869254E-002
  -8.1178852123493378E-002
  -6.2903393622913764E-002
  -4.0999936002691792E-002
  -1.6487961810723276E-002
   9.1261039050615778E-003
   3.4519428255037274E-002
   5.8810482337134463E-002
   8.1318785237623120E-002
  0.10119864425180579     
  0.11737424346668310     
  0.12884757433883129     
  0.13507691557182608     
  0.13609471322637792     
  0.13231857782099302     
  0.12428823642328288     
  0.11258626035327712     
   9.7982800056005473E-002
   8.1588052196431629E-002
   6.4727473734886104E-002
   4.8464014169953600E-002
   3.3035327970998972E-002
   1.7647528206274628E-002
   8.8443870723262162E-004
  -1.8414065203400044E-002
  -4.0289307125992928E-002
  -6.3375902334644282E-002
  -8.5452942067654497E-002
 -0.10449209893456329     
 -0.11941639461024439     
 -0.13004533188017470     
 -0.13646193383863039     
 -0.13848553736105795     
 -0.13569762376383476     
 -0.12790202355160835     
 -0.11553548140494983     
  -9.9643482653008500E-002
  -8.1448334789974985E-002
  -6.1848096109060779E-002
  -4.1162456008512566E-002
  -1.9225765193571668E-002
   4.2503589033343033E-003
   2.9204761634259675E-002
   5.4848462960553603E-002
   7.9593592163296256E-002
  0.10140440108059250     
  0.11845506344595165     
  0.12975465644294673     
  0.13538522200235592     
  0.13623378046193269     
  0.13340116697513474     
  0.12763282808277746     
  0.11907514848713785     
  0.10746310498312478     
   9.2591138740615822E-002
   7.4756697467048466E-002
   5.4902702409278879E-002
   3.4372214980238465E-002
   1.4388600732266523E-002
  -4.4828408440837830E-003
  -2.2576820821924297E-002
  -4.0858733328218079E-002
  -6.0212280646123648E-002
  -8.0655593370264123E-002
 -0.10095882345066953     
 -0.11895161116269252     
 -0.13240163327883253     
 -0.13993480043102868     
 -0.14141224871179253     
 -0.13760943842301956     
 -0.12956423043456142     
 -0.11808755445319920     
 -0.10365510956734285     
  -8.6566219996310048E-002
  -6.7123358075552753E-002
  -4.5678796111291865E-002
  -2.2583255952387211E-002
   1.8191916453434451E-003
   2.7061388546609982E-002
   5.2354821867264215E-002
   7.6499483253636674E-002
   9.8042741830759297E-002
  0.11565672603271694     
  0.12851940057700847     
  0.13644692701535471     
  0.13969643329519699     
  0.13861327270129442     
  0.13341113330952162     
  0.12424653803215174     
  0.11149405513837374     
   9.5941122372623602E-002
   7.8647137238370121E-002
   6.0480465961102403E-002
   4.1681158205758080E-002
   2.1865873411173450E-002
   5.6464060380160609E-004
  -2.2073056971724323E-002
  -4.4958603901714467E-002
  -6.6454082463994688E-002
  -8.5249278995697272E-002
 -0.10103733751297223     
 -0.11438844638315573     
 -0.12588932959903054     
 -0.13526506145306838     
 -0.14121459347661697     
 -0.14208096479813601     
 -0.13681393902182656     
 -0.12553263415309676     
 -0.10939937793042336     
  -9.0026272415775377E-002
  -6.8845046422785147E-002
  -4.6750734765639512E-002
  -2.4087549869854841E-002
  -8.6894545037227396E-004
   2.2917819576428296E-002
   4.7029503534951798E-002
   7.0781375546097813E-002
   9.3032417731292547E-002
  0.11238082911883132     
  0.12750930880664449     
  0.13753038188968664     
  0.14218294405816245     
  0.14180313052584698     
  0.13708464347238275     
  0.12874300024845495     
  0.11726742636258852     
  0.10290138406804032     
   8.5835526203609958E-002
   6.6447610202681903E-002
   4.5395904931517794E-002
   2.3480041624746990E-002
   1.3679326143898800E-003
  -2.0579315471007345E-002
  -4.2217254386237427E-002
  -6.3331725381911841E-002
  -8.3400661741341489E-002
 -0.10159423171290685     
 -0.11699418048137855     
 -0.12884509519132403     
 -0.13666225159595971     
 -0.14019056002376096     
 -0.13935003220615871     
 -0.13425364604484263     
 -0.12521968850138915     
 -0.11265153134090104     
  -9.6813229618597216E-002
  -7.7721489114907560E-002
  -5.5360373129858427E-002
  -3.0151207409890218E-002
  -3.3014537742908998E-003
   2.3356541523547356E-002
   4.8045836392508270E-002
   6.9792624035400735E-002
   8.8680403851301534E-002
  0.10539223256494974     
  0.12034332077223313     
  0.13302592069745423     
  0.14205081200584710     
  0.14584851000430896     
  0.14352740398027747     
  0.13534900332448532     
  0.12259054808699786     
  0.10691922694530046     
   8.9641795215375575E-002
   7.1254025046858113E-002
   5.1528602936295131E-002
   3.0035555036942319E-002
   6.7411557914635869E-003
  -1.7670253889863229E-002
  -4.1918838929852105E-002
  -6.4599339272169015E-002
  -8.4686295036387638E-002
 -0.10175183508983279     
 -0.11580351328674240     
 -0.12692295044373192     
 -0.13497470237591180     
 -0.13954130832326475     
 -0.14007249237952854     
 -0.13613598831072932     
 -0.12763883400803280     
 -0.11491276894154878     
  -9.8613664044140459E-002
  -7.9482593721171960E-002
  -5.8115474458033618E-002
  -3.4901639515759919E-002
  -1.0184122930223215E-002
   1.5469209704334033E-002
   4.1099980916420337E-002
   6.5461686979352229E-002
   8.7341996406997621E-002
  0.10586968924735082     
  0.12060799961205244     
  0.13144476719019246     
  0.13842759047635314     
  0.14164802886071179     
  0.14116548599168663     
  0.13693130390724542     
  0.12874747562383673     
  0.11635698190418695     
   9.9704573079981457E-002
   7.9248811128991792E-002
   5.6085243203743848E-002
   3.1704460919245864E-002
   7.4707042127053532E-003
  -1.5842249439979871E-002
  -3.8134835239413557E-002
  -5.9637577927645992E-002
  -8.0381209150380509E-002
  -9.9819667849267019E-002
 -0.11682363587002569     
 -0.13002925155578224     
 -0.13833888770781708     
 -0.14132850393693525     
 -0.13938394616830391     
 -0.13348932139426356     
 -0.12472462145397389     
 -0.11370369790744085     
 -0.10029054012239787     
  -8.3826302499751981E-002
  -6.3778058013416516E-002
  -4.0385335179544783E-002
  -1.4827610718991972E-002
   1.1219297322797658E-002
   3.6297186052843537E-002
   5.9628495747290809E-002
   8.1036789434910703E-002
  0.10044365751434144     
  0.11736309259887318     
  0.13080915994085787     
  0.13969894719800224     
  0.14343276407834443     
  0.14221231776718968     
  0.13687271402492276     
  0.12834167331684257     
  0.11708941136519663     
  0.10295926242090450     
   8.5509469812168420E-002
   6.4603674751110604E-002
   4.0797660611159241E-002
   1.5257823455214724E-002
  -1.0669073534300494E-002
  -3.5869131344530084E-002
  -5.9567869662019518E-002
  -8.1149881717894806E-002
  -9.9971891252791420E-002
 -0.11541604782121981     
 -0.12713048376237696     
 -0.13514876327613762     
 -0.13966521932580850     
 -0.14061312992683678     
 -0.13746856655285819     
 -0.12957166388939312     
 -0.11678801020916632     
  -9.9949922091003313E-002
  -8.0633021797544405E-002
  -6.0377257738577106E-002
  -3.9931063707644203E-002
  -1.9073797277427446E-002
   2.8738218530139034E-003
   2.6243822277773915E-002
   5.0500723276915967E-002
   7.4316078498171734E-002
   9.6071503995398946E-002
  0.11438615516543006     
  0.12839607591478247     
  0.13776657991523941     
  0.14255144061543901     
  0.14300601646627326     
  0.13941587820832579     
  0.13198216304712496     
  0.12080222272761861     
  0.10596409501102093     
   8.7718661892571784E-002
   6.6627039691110529E-002
   4.3561824029708263E-002
   1.9515713767241337E-002
  -4.6894512871423584E-003
  -2.8597202518517117E-002
  -5.2045600533786117E-002
  -7.4826918859506458E-002
  -9.6278954444862480E-002
 -0.11511235821863969     
 -0.12968966109257404     
 -0.13869989653996767     
 -0.14183777109680443     
 -0.13995853262597349     
 -0.13448948718213458     
 -0.12648466433412708     
 -0.11604128266798436     
 -0.10251276854814211     
  -8.5325935554638993E-002
  -6.4754479537626225E-002
  -4.2044738200783041E-002
  -1.8818761428081150E-002
   3.7342405573972189E-003
   2.5257460788029033E-002
   4.6007801513706384E-002
   6.6289577407523850E-002
   8.5978620431074251E-002
  0.10440523975377375     
  0.12055745815664526     
  0.13336964921219993     
  0.14190668503516493     
  0.14544029901666855     
  0.14352994451951176     
  0.13616580171495440     
  0.12388992988758424     
  0.10774153943456138     
   8.8960673512617910E-002
   6.8569101741016020E-002
   4.7072692911593071E-002
   2.4486508881977061E-002
   6.9406976456497477E-004
  -2.4065150850774882E-002
  -4.8899468351440031E-002
  -7.2398287504557790E-002
  -9.3155384568775354E-002
 -0.11032929299299407     
 -0.12381234843160727     
 -0.13385888368009530     
 -0.14044910428056720     
 -0.14290687242462322     
 -0.14015970702610528     
 -0.13155303523074283     
 -0.11760689110457256     
 -0.10004083120786250     
  -8.0968570569969603E-002
  -6.1846881801303426E-002
  -4.2915553029097477E-002
  -2.3459850862386021E-002
  -2.6628015549590902E-003
   1.9553380352874319E-002
   4.2259335066382964E-002
   6.3953153924582076E-002
   8.3326869226494432E-002
   9.9815556423234295E-002
  0.11359673870492941     
  0.12509776322752286     
  0.13436816880736407     
  0.14072913520366565     
  0.14291835327184985     
  0.13963950717684004     
  0.13019233551440831     
  0.11483980465934146     
   9.4761234165800790E-002
   7.1686459009617287E-002
   4.7418362573548305E-002
   2.3400961683631944E-002
   4.1684198198984040E-004
  -2.1499511908547576E-002
  -4.2840032797241585E-002
  -6.4107987887387072E-002
  -8.5219550324536097E-002
 -0.10516493299948500     
 -0.12220464534608440     
 -0.13456905302445879     
 -0.14123501063434421     
 -0.14222901658143461     
 -0.13826764341324219     
 -0.13010014504493070     
 -0.11813367214201642     
 -0.10261447599333792     
  -8.4099377081060911E-002
  -6.3670763245066028E-002
  -4.2620135860314878E-002
  -2.1880840145579082E-002
  -1.7239342051741488E-003
   1.8056587792064208E-002
   3.7676780059377656E-002
   5.7003018626187896E-002
   7.5538995342622817E-002
   9.2682184681418242E-002
  0.10795531918735218     
  0.12098667967506271     
  0.13128827532853407     
  0.13809010903924954     
  0.14044671801938283     
  0.13759830027529171     
  0.12934497305185944     
  0.11614866114952917     
   9.8864250671549622E-002
