   2.6132302263071866E-002
   3.8975844901988632E-002
   5.1554129717004869E-002
   6.3781732045571929E-002
   7.5575680616061361E-002
   8.6856002128703549E-002
   9.7546242364531840E-002
  0.10757396146026568     
  0.11687114558526766     
  0.12537415736825902     
  0.13302198494360459     
  0.13975028714415408     
  0.14547827217342116     
  0.15008792838960958     
  0.15340192557624815     
  0.15517560418821216     
  0.15512345370090735     
  0.15299348906014967     
  0.14868033418632676     
  0.14233493834224636     
  0.13440255161060743     
  0.12552787551644479     
  0.11632813181660749     
  0.10713206258182555     
   9.7842926509746117E-002
   8.8034819904238837E-002
   7.7247362456381072E-002
   6.5305716096918973E-002
   5.2462341354004911E-002
   3.9261161215240821E-002
   2.6208527495489284E-002
   1.3479958469081350E-002
   8.7661894571433932E-004
  -1.1939364525133221E-002
  -2.5115659636288885E-002
  -3.8440960274884819E-002
  -5.1462350774307629E-002
  -6.3788192308595254E-002
  -7.5328801263152168E-002
  -8.6282024823455913E-002
  -9.6886243004437045E-002
 -0.10715534551713318     
 -0.11681633650425631     
 -0.12549148659991782     
 -0.13295799515439219     
 -0.13925661698061470     
 -0.14455883426085572     
 -0.14891581795448441     
 -0.15211188370346310     
 -0.15374870339220745     
 -0.15348585476018919     
 -0.15123557691365927     
 -0.14716406107707289     
 -0.14153211886577155     
 -0.13454304565476555     
 -0.12633196445600819     
 -0.11707214417492329     
 -0.10705245486975089     
  -9.6614697823336732E-002
  -8.5987502015489256E-002
  -7.5164674485162147E-002
  -6.3948313143135385E-002
  -5.2139571063954428E-002
  -3.9730289281993410E-002
  -2.6939466731129777E-002
  -1.4067554778060987E-002
  -1.2986387668485295E-003
   1.1380665458829167E-002
   2.4087903191799105E-002
   3.6868870577237915E-002
   4.9588764366085718E-002
   6.1973478955510877E-002
   7.3759912079087428E-002
   8.4831870876266952E-002
   9.5238821208651389E-002
  0.10509497246854292     
  0.11444629995329639     
  0.12320113377458794     
  0.13115654657031864     
  0.13808353484994162     
  0.14380770378230254     
  0.14824113682468870     
  0.15135947025714100     
  0.15314801106475323     
  0.15354927762492551     
  0.15243803296229030     
  0.14964024965926254     
  0.14499910658552759     
  0.13846736279820465     
  0.13018018730782427     
  0.12046128355638296     
  0.10974944768317219     
   9.8480008942495145E-002
   8.6980714446037638E-002
   7.5428219255275541E-002
   6.3869512811118717E-002
   5.2271340507632894E-002
   4.0552765886560073E-002
   2.8590166362963496E-002
   1.6228480735890914E-002
   3.3399997522655846E-003
  -1.0074167909091242E-002
  -2.3806372993178289E-002
  -3.7466059255853904E-002
  -5.0618006954536568E-002
  -6.2960695696943861E-002
  -7.4436034382317939E-002
  -8.5204791268609525E-002
  -9.5505715316617681E-002
 -0.10548531638712356     
 -0.11509669573018506     
 -0.12411201327959767     
 -0.13221673027887987     
 -0.13911596343224927     
 -0.14460331028374682     
 -0.14858412670749965     
 -0.15106530031429158     
 -0.15211687034997021     
 -0.15180539812722990     
 -0.15011748525748453     
 -0.14692201669663521     
 -0.14202235249985426     
 -0.13529938404186301     
 -0.12686856120137024     
 -0.11713530444277501     
 -0.10668164435358790     
  -9.6029462940683652E-002
  -8.5420560307617077E-002
  -7.4755109250220012E-002
  -6.3729196145931366E-002
  -5.2079881477774349E-002
  -3.9779386505804454E-002
  -2.7062153114371702E-002
  -1.4282791666081658E-002
  -1.7119854706469796E-003
   1.0587061734632003E-002
   2.2722826074416596E-002
   3.4822522258031487E-002
   4.6888982323031639E-002
   5.8775164583067634E-002
   7.0282699841433968E-002
   8.1293609931507818E-002
   9.1824249471440175E-002
  0.10195549791821958     
  0.11169091034651894     
  0.12085407342156357     
  0.12911372797940848     
  0.13613192993584219     
  0.14173413121292175     
  0.14597812938224952     
  0.14906948416515001     
  0.15117627660135136     
  0.15226090458724237     
  0.15203636893112243     
  0.15008051676738612     
  0.14604664120839186     
  0.13985016680263046     
  0.13172644117275234     
  0.12213233785224942     
  0.11155570848597636     
  0.10034859313078018     
   8.8679483804518192E-002
   7.6615398438392837E-002
   6.4252439740801734E-002
   5.1781877527518748E-002
   3.9433293354951937E-002
   2.7338325048601723E-002
   1.5429187126462530E-002
   3.4659822303456187E-003
  -8.8096674475575277E-003
  -2.1493776244238937E-002
  -3.4437164792103500E-002
  -4.7321264925664172E-002
  -5.9836185605566958E-002
  -7.1823610286148740E-002
  -8.3279144948066250E-002
  -9.4230406411809381E-002
 -0.10460681977062113     
 -0.11421316762699446     
 -0.12282652247975702     
 -0.13033163184676536     
 -0.13677306539879489     
 -0.14226712129672098     
 -0.14683408794064995     
 -0.15028247757809438     
 -0.15224142477492789     
 -0.15232710387645590     
 -0.15033203247776677     
 -0.14631459296876329     
 -0.14054424975606164     
 -0.13336178297066084     
 -0.12506243162211395     
 -0.11586963395729323     
 -0.10597824823181166     
  -9.5589052407246661E-002
  -8.4880907675691217E-002
  -7.3944910967210384E-002
  -6.2756377166634292E-002
  -5.1233783851751098E-002
  -3.9353368457459376E-002
  -2.7227001656325477E-002
  -1.5066470972772488E-002
  -3.0463313457616413E-003
   8.8265487636079235E-003
   2.0712961001916334E-002
   3.2783062061368815E-002
   4.5009973408586111E-002
   5.7085716548340770E-002
   6.8550830948270899E-002
   7.9064809569096187E-002
   8.8624787909053898E-002
   9.7565785713358569E-002
  0.10633155637064148     
  0.11516826775203895     
  0.12394175214047105     
  0.13218682715807639     
  0.13933748532750984     
  0.14497281695198366     
  0.14892484552493740     
  0.15121587464231268     
  0.15191931428351962     
  0.15106668693629099     
  0.14864789996978481     
  0.14465637884571789     
  0.13910523391506116     
  0.13200032700891326     
  0.12333005398997793     
  0.11313244028508807     
  0.10161460876024266     
   8.9211776582658428E-002
   7.6488159099931299E-002
   6.3912549217011075E-002
   5.1668138891529505E-002
   3.9644662235041553E-002
   2.7614912647225522E-002
   1.5453115917376848E-002
   3.2288825110897146E-003
  -8.8839473453258561E-003
  -2.0792315668472113E-002
  -3.2591305807922501E-002
  -4.4487792740643198E-002
  -5.6596312488239688E-002
  -6.8777730926967789E-002
  -8.0658654521392467E-002
  -9.1822787702410993E-002
 -0.10202846785888542     
 -0.11128956271804023     
 -0.11977046908720637     
 -0.12759058511368165     
 -0.13468881971270538     
 -0.14083145396682176     
 -0.14572730653864935     
 -0.14914282123432843     
 -0.15093536873015248     
 -0.15101116091959921     
 -0.14928058416458795     
 -0.14567111253941825     
 -0.14018776693190496     
 -0.13296055560867348     
 -0.12423890458654253     
 -0.11435251920889122     
 -0.10368035947823018     
  -9.2630381945533261E-002
  -8.1589861472082151E-002
  -7.0825665186693990E-002
  -6.0384127758726300E-002
  -5.0077170763863581E-002
  -3.9590760341717490E-002
  -2.8658031464387539E-002
  -1.7189303268806869E-002
  -5.2838208410702706E-003
   6.8641234352994594E-003
   1.9074935818822251E-002
   3.1218073197052984E-002
   4.3161052036574353E-002
   5.4713000836091798E-002
   6.5650925965318158E-002
   7.5832081541109667E-002
   8.5298878718895924E-002
   9.4268710572170802E-002
  0.10298966317899405     
  0.11155874226007134     
  0.11983812127573815     
  0.12752962691814204     
  0.13434218164832770     
  0.14011755815775923     
  0.14482017099555503     
  0.14840856446593564     
  0.15070037820979654     
  0.15134718340860798     
  0.14994848008654132     
  0.14622912863896209     
  0.14016826991802181     
  0.13201634967654832     
  0.12221263630347670     
  0.11126080903551902     
   9.9621391747182431E-002
   8.7652098072817888E-002
   7.5592817128923379E-002
   6.3573686134487356E-002
   5.1631861061114614E-002
   3.9739874359851747E-002
   2.7850877237720208E-002
   1.5947917283118493E-002
   4.0674177538319927E-003
  -7.7241604106323639E-003
  -1.9388195185182439E-002
  -3.0962133775726104E-002
  -4.2549971743057462E-002
  -5.4241170823198882E-002
  -6.6001315907365327E-002
  -7.7614757627050071E-002
  -8.8735781179943671E-002
  -9.9030417536523196E-002
 -0.10832460738788409     
 -0.11666532889062398     
 -0.12425103662841840     
 -0.13126383101661088     
 -0.13769597071243223     
 -0.14327176885459111     
 -0.14751404176553665     
 -0.14992236166716116     
 -0.15016716046349612     
 -0.14819452601500205     
 -0.14418865676528617     
 -0.13842817389239134     
 -0.13114392520920740     
 -0.12248215867784697     
 -0.11259094863292339     
 -0.10174369692872599     
  -9.0378780405495865E-002
  -7.9001390829420565E-002
  -6.8005595090807669E-002
  -5.7535843900749839E-002
  -4.7473596702105846E-002
  -3.7546717295945581E-002
  -2.7487000657239226E-002
  -1.7143850595035617E-002
  -6.4997526142853172E-003
   4.3991237597341762E-003
   1.5527932849968043E-002
   2.6909153468433072E-002
   3.8554373191531315E-002
   5.0364583965273289E-002
   6.2070295753049225E-002
   7.3274136619788113E-002
   8.3591087338254863E-002
   9.2809875936584463E-002
  0.10097804637294279     
  0.10836050011422754     
  0.11529853318190765     
  0.12204650939824616     
  0.12866075657141909     
  0.13497505095902221     
  0.14065022110935899     
  0.14525779526036750     
  0.14836034345207708     
  0.14957462465332774     
  0.14862246163575138     
  0.14537026405706127     
  0.13984175028796839     
  0.13219024212297584     
  0.12264944529583589     
  0.11151173895653260     
   9.9161094520386378E-002
   8.6116719886140503E-002
   7.2998102827596750E-002
   6.0370963436359865E-002
   4.8547271066430413E-002
   3.7480454827747034E-002
   2.6845197180718389E-002
   1.6258142896481625E-002
   5.4892609178412684E-003
  -5.4800747121845740E-003
  -1.6573238886301630E-002
  -2.7783584437696834E-002
  -3.9222597364135289E-002
  -5.0992420339914503E-002
  -6.2990178222499457E-002
  -7.4832143382220481E-002
  -8.6001622416520832E-002
  -9.6131830249885517E-002
 -0.10520165054007999     
 -0.11347987399478131     
 -0.12125633767980443     
 -0.12856804209193134     
 -0.13512670255266357     
 -0.14048831604330159     
 -0.14431149698169571     
 -0.14649033248202681     
 -0.14706554575582270     
 -0.14600797348561298     
 -0.14307890296745188     
 -0.13792033015149599     
 -0.13034144291581570     
 -0.12058528828554135     
 -0.10935343342080418     
  -9.7558626778516649E-002
  -8.5983715612335490E-002
  -7.5062593734235905E-002
  -6.4867982107687502E-002
  -5.5237285259874369E-002
  -4.5913746449767874E-002
  -3.6632545419168196E-002
  -2.7161515847259718E-002
  -1.7337046839917016E-002
  -7.1061428058179950E-003
   3.4563378585255348E-003
   1.4188724669059748E-002
   2.4932013840195087E-002
   3.5610403592004243E-002
   4.6242410988105082E-002
   5.6872685141019542E-002
   6.7477021542565213E-002
   7.7912204443056438E-002
   8.7943738157591211E-002
   9.7326101213457028E-002
  0.10588055865797187     
  0.11353050260391687     
  0.12029135845763227     
  0.12623701473902313     
  0.13146129215888988     
  0.13603436343783235     
  0.13994701628857981     
  0.14305162894410675     
  0.14503079373243502     
  0.14542549043057756     
  0.14372798438513809     
  0.13951189367831959     
  0.13255805895885034     
  0.12294290826063185     
  0.11107079407839580     
   9.7641219702406842E-002
   8.3547187111496723E-002
   6.9709731481227874E-002
   5.6871779455155202E-002
   4.5403280160489362E-002
   3.5198325815789702E-002
   2.5740854879274112E-002
   1.6346486377336086E-002
   6.4771828734166139E-003
  -4.0403559178272654E-003
  -1.5013174499148239E-002
  -2.6082448294071393E-002
  -3.6985464873689561E-002
  -4.7706559654230610E-002
  -5.8425621161976943E-002
  -6.9316974127977049E-002
  -8.0354782820190471E-002
  -9.1262214189696697E-002
 -0.10162350215901585     
 -0.11106477633995775     
 -0.11938075280717596     
 -0.12654007729117733     
 -0.13258975136427523     
 -0.13753850719123986     
 -0.14129503999973234     
 -0.14368101425746757     
 -0.14448021982921502     
 -0.14347129233683767     
 -0.14043035940210005     
 -0.13514616057928366     
 -0.12750716901002637     
 -0.11766221491523647     
 -0.10615292543832024     
  -9.3870959704613094E-002
  -8.1794102607474786E-002
  -7.0640571143325559E-002
  -6.0660475006694574E-002
  -5.1669457950065126E-002
  -4.3250198510175170E-002
  -3.4968923707563167E-002
  -2.6501307395897247E-002
  -1.7655199197087350E-002
  -8.3416807493972150E-003
   1.4484193807344219E-003
   1.1645572542326602E-002
   2.2106654138718616E-002
   3.2654898275681549E-002
   4.3146132948012186E-002
   5.3511776553710130E-002
   6.3735011319209778E-002
   7.3771661460051458E-002
   8.3482238683033283E-002
   9.2643282295741494E-002
  0.10104659928043663     
  0.10861911334239988     
  0.11546652025016971     
  0.12179033621206467     
  0.12771895207287434     
  0.13315985449354831     
  0.13777123629062821     
  0.14107410128464934     
  0.14263630902804905     
  0.14221537676569648     
  0.13977214441666175     
  0.13535199139468929     
  0.12893092720497695     
  0.12037048641136018     
  0.10956346039325306     
   9.6702321730774018E-002
   8.2467006076728244E-002
   6.7936382043006949E-002
   5.4220035431594392E-002
   4.2039515280412380E-002
   3.1528433030590240E-002
   2.2329406145168179E-002
   1.3854864640476408E-002
   5.5305287595687905E-003
  -3.0735715320273208E-003
  -1.2218874328859803E-002
  -2.2024559698664108E-002
  -3.2490626587295117E-002
  -4.3499762069778285E-002
  -5.4818936705222428E-002
  -6.6133706984819962E-002
  -7.7123114378009727E-002
  -8.7543146484444986E-002
  -9.7270255822161575E-002
 -0.10628010011200252     
 -0.11457882893482890     
 -0.12213043347396522     
 -0.12881878174925018     
 -0.13445520791445847     
 -0.13881152936393862     
 -0.14164506369972285     
 -0.14269727103560034     
 -0.14168184409177201     
 -0.13830639361433397     
 -0.13236709696600041     
 -0.12390459317877626     
 -0.11333503205002206     
 -0.10143887382142711     
  -8.9160279068460899E-002
  -7.7309474618873511E-002
  -6.6347523408306408E-002
  -5.6376796643047004E-002
  -4.7303624439974289E-002
  -3.9016888027253761E-002
  -3.1436508274356290E-002
  -2.4411451098437776E-002
  -1.7581945476669122E-002
  -1.0362610925860992E-002
  -2.1243571623219336E-003
   7.4958602187448764E-003
   1.8352558091303449E-002
   2.9811686186005704E-002
   4.1064565559875664E-002
   5.1540926118121860E-002
   6.1137717390549240E-002
   7.0126614137633297E-002
   7.8851317352075331E-002
   8.7457665890669445E-002
   9.5831647532738581E-002
  0.10373974823598349     
  0.11102015623173642     
  0.11766161422191514     
  0.12372124478028493     
  0.12916914878996943     
  0.13379530603704329     
  0.13724764208542475     
  0.13915616207371903     
  0.13923293327942202     
  0.13727315349441194     
  0.13308664394522612     
  0.12646952628686578     
  0.11730474836182894     
  0.10576026237759363     
   9.2430207362967240E-002
   7.8265700313364550E-002
   6.4298758950010415E-002
   5.1331534194897374E-002
   3.9769055355060805E-002
   2.9632041741884638E-002
   2.0666433064101174E-002
   1.2464706941027231E-002
   4.5743803643556302E-003
  -3.4006984893664529E-003
  -1.1720742515497488E-002
  -2.0490867964340395E-002
  -2.9722169310819644E-002
  -3.9431363843033557E-002
  -4.9687023574200045E-002
  -6.0534796527006177E-002
  -7.1838380220997991E-002
  -8.3174653939170021E-002
  -9.3913312325559786E-002
 -0.10347420301780069     
 -0.11159813773559206     
 -0.11843338805687649     
 -0.12436639665759526     
 -0.12970377317969606     
 -0.13440568313326304     
 -0.13802783183782358     
 -0.13989196608947704     
 -0.13936102169631701     
 -0.13604533004506184     
 -0.12985651308435986     
 -0.12097366117452622     
 -0.10983799216810641     
  -9.7190518165749404E-002
  -8.4034552225888459E-002
  -7.1420872379538605E-002
  -6.0131595674220127E-002
  -5.0473847523005475E-002
  -4.2315102721462799E-002
  -3.5289476660228018E-002
  -2.8994046623599300E-002
  -2.3055084673644394E-002
  -1.7085135806079125E-002
  -1.0645491438141683E-002
  -3.3097970335073325E-003
   5.1811154072352282E-003
   1.4784792971847640E-002
   2.5163634718550112E-002
   3.5852407578387611E-002
   4.6475178386824995E-002
   5.6852940859410957E-002
   6.6932054958653078E-002
   7.6617095326267315E-002
   8.5673138447364794E-002
   9.3798221578198462E-002
  0.10081619928804007     
  0.10683453491916649     
  0.11223143960690175     
  0.11745639526568849     
  0.12275518460486008     
  0.12797989483305530     
  0.13258897417504389     
  0.13582474144156823     
  0.13695632549483383     
  0.13545824418760993     
  0.13106458236739166     
  0.12374152856880136     
  0.11367521566312043     
  0.10132575859048662     
   8.7483135355598776E-002
   7.3190821131431896E-002
   5.9484143237036081E-002
   4.7074086811609454E-002
   3.6193099879107862E-002
   2.6691954346818331E-002
   1.8271441015257770E-002
   1.0657583447494730E-002
   3.6206539640272211E-003
  -3.1180644040893404E-003
  -9.9652017631187296E-003
  -1.7414649299010501E-002
  -2.5881651195867574E-002
  -3.5509988269030617E-002
  -4.6084642735370676E-002
  -5.7121887699582881E-002
  -6.8091636110719125E-002
  -7.8631862594102347E-002
  -8.8617540216117077E-002
  -9.8055581074762727E-002
 -0.10690757933715196     
 -0.11498458313122234     
 -0.12198457446945778     
 -0.12762465803496054     
 -0.13175055927710311     
 -0.13432957991435016     
 -0.13532472712973201     
 -0.13454190109243630     
 -0.13157851072142857     
 -0.12595725735317684     
 -0.11741791195616859     
 -0.10621149574941884     
  -9.3185907355244735E-002
  -7.9559420511132170E-002
  -6.6507339896966888E-002
  -5.4829097985586973E-002
  -4.4866872083793342E-002
  -3.6625672524218736E-002
  -2.9926536787243139E-002
  -2.4476568377601284E-002
  -1.9857725814700272E-002
  -1.5509658511491173E-002
  -1.0778013385593069E-002
  -5.0441829053248077E-003
   2.1089956867368954E-003
   1.0771382074598809E-002
   2.0683390844709430E-002
   3.1338299642309192E-002
   4.2171903713715306E-002
   5.2751260289032521E-002
   6.2864205284700617E-002
   7.2467616916982211E-002
   8.1548059291953939E-002
   9.0008943798074725E-002
   9.7670640281658685E-002
  0.10437629747228790     
  0.11011189368566053     
  0.11503738195504330     
  0.11939160323343730     
  0.12332503440031632     
  0.12676351892814805     
  0.12937847580652390     
  0.13065947984432316     
  0.13002193024066763     
  0.12689311954646040     
  0.12079267377887008     
  0.11147328851946425     
   9.9131109535672848E-002
   8.4558409235792137E-002
   6.9056410979409177E-002
   5.4075231114098156E-002
   4.0773505658232762E-002
   2.9743645345153003E-002
   2.0994905611476815E-002
   1.4114180624981990E-002
   8.4703523576021445E-003
   3.3726083226556262E-003
  -1.8350725983378256E-003
  -7.7106747843998166E-003
  -1.4645237571152415E-002
  -2.2791118954341300E-002
  -3.2035693515934952E-002
  -4.2066998455600205E-002
  -5.2515594102566926E-002
  -6.3088359843155320E-002
  -7.3607120613397747E-002
  -8.3939165438485827E-002
  -9.3894490211945861E-002
 -0.10318710662364179     
 -0.11149355448461168     
 -0.11855229697789538     
 -0.12421737933472064     
 -0.12842620170678162     
 -0.13110923057096871     
 -0.13210323118587286     
 -0.13111856437300892     
 -0.12777876887647049     
 -0.12172777324470430     
 -0.11279566783032131     
 -0.10119747145756144     
  -8.7678824513764173E-002
  -7.3467471064332865E-002
  -5.9959800352537715E-002
  -4.8273724804799877E-002
  -3.8928829936611405E-002
  -3.1812517017547809E-002
  -2.6380017135481156E-002
  -2.1929715367977380E-002
  -1.7825257734635603E-002
  -1.3607070394379786E-002
  -8.9913890371857326E-003
  -3.7958740883403874E-003
   2.1426895084866835E-003
   8.9978219932712097E-003
   1.6910315110298658E-002
   2.5907051063015614E-002
   3.5843923238831725E-002
   4.6415056788642856E-002
   5.7219295721419532E-002
   6.7837765519460552E-002
   7.7885043200060594E-002
   8.7036130786516716E-002
   9.5056644078155339E-002
  0.10184770511744984     
  0.10747852465721450     
  0.11216222710551309     
  0.11615889429113170     
  0.11964248620175935     
  0.12259621398284223     
  0.12477879593505518     
  0.12575616532587922     
  0.12496572387894259     
  0.12179595975731797     
  0.11570324256844960     
  0.10639903595502764     
   9.4081690872085691E-002
   7.9581230168013578E-002
   6.4247573320117379E-002
   4.9548728191317226E-002
   3.6582329500343784E-002
   2.5802203210745021E-002
   1.7095691975425317E-002
   1.0079916703894170E-002
   4.3654142945758617E-003
  -3.7347689021105513E-004
  -4.5021219174839078E-003
  -8.5548972245631360E-003
  -1.3232760167253546E-002
  -1.9215779658450911E-002
  -2.6887722966784225E-002
  -3.6160687151975721E-002
  -4.6539284903116124E-002
  -5.7395384562851606E-002
  -6.8262131132018150E-002
  -7.8938882439472793E-002
  -8.9350888687916782E-002
  -9.9305691823922862E-002
 -0.10836795720706505     
 -0.11597212431538743     
 -0.12169208022718940     
 -0.12544941054439684     
 -0.12747726546333385     
 -0.12803802639084386     
 -0.12708029927049258     
 -0.12408366282208401     
 -0.11824669682506517     
 -0.10897733677675327     
  -9.6430338470982535E-002
  -8.1727793534496704E-002
  -6.6639422301783199E-002
  -5.2880407900294128E-002
  -4.1494883576491344E-002
  -3.2695819697789001E-002
  -2.6126279791616837E-002
  -2.1228065704998848E-002
  -1.7463349996243997E-002
  -1.4354539343131729E-002
  -1.1445999861032868E-002
  -8.2859566885600307E-003
  -4.4530515568377239E-003
   4.0103530064997659E-004
   6.5191546102019073E-003
   1.4010980828565668E-002
   2.2813271814411867E-002
   3.2651483727003904E-002
   4.3054222279976441E-002
   5.3462041801238196E-002
   6.3402709444134606E-002
   7.2635758694374802E-002
   8.1171644717531480E-002
   8.9151076177705291E-002
   9.6664151009090260E-002
  0.10362540004237954     
  0.10977743008354170     
  0.11480814481191108     
  0.11849522186132044     
  0.12077894602950602     
  0.12171294842375101     
  0.12132015517396355     
  0.11944244823708657     
  0.11568400275064086     
  0.10950914852535629     
  0.10048692458138267     
   8.8594510946123681E-002
   7.4425540354975339E-002
   5.9155193885927146E-002
   4.4235912956634454E-002
   3.0966557208347480E-002
   2.0146748311358549E-002
   1.1947943376425220E-002
   6.0011569582795986E-003
   1.6175931488014027E-003
  -1.9645516558958534E-003
  -5.3976227622227757E-003
  -9.1525859653734300E-003
  -1.3546290992531821E-002
  -1.8811343281653084E-002
  -2.5141743510115468E-002
  -3.2678319377641402E-002
  -4.1449857426858187E-002
  -5.1319646088794357E-002
  -6.1979047439732447E-002
  -7.2994221811116949E-002
  -8.3881319857166362E-002
  -9.4177012670061289E-002
 -0.10348294665945156     
 -0.11148199717492233     
 -0.11793561819177303     
 -0.12266752306357377     
 -0.12552891554085308     
 -0.12634366370609018     
 -0.12485607391403125     
 -0.12073195859365485     
 -0.11366175618268261     
 -0.10356277353817581     
  -9.0796451028392691E-002
  -7.6262390279011799E-002
  -6.1264732845238486E-002
  -4.7179402367070827E-002
  -3.5093050717434675E-002
  -2.5597676800079888E-002
  -1.8787630359720111E-002
  -1.4366271656425018E-002
  -1.1760227292412636E-002
  -1.0221221412094117E-002
  -8.9466305386168531E-003
  -7.2229193653803939E-003
  -4.5426005663943706E-003
  -6.3455599030410323E-004
   4.6017953105349117E-003
   1.1195577396966415E-002
   1.9144138639407515E-002
   2.8351496565428038E-002
   3.8523738611397310E-002
   4.9140110494567429E-002
   5.9572616933618976E-002
   6.9303264795977593E-002
   7.8093925758946234E-002
   8.5987692056843312E-002
   9.3147514254408537E-002
   9.9659280956683527E-002
  0.10544038668282890     
  0.11029783397963638     
  0.11405974658078664     
  0.11665430299012655     
  0.11805847760556183     
  0.11814275138175648     
  0.11652615375258549     
  0.11257514187126202     
  0.10561551648990639     
   9.5303861954910155E-002
   8.1979968671833867E-002
   6.6770635833803244E-002
   5.1309469592587670E-002
   3.7171022704930536E-002
   2.5335414763118239E-002
   1.5991931110501231E-002
   8.7409315341377795E-003
   2.9913365815613033E-003
  -1.7155464638644606E-003
  -5.6081629041147977E-003
  -8.8016492136297943E-003
  -1.1506607607026197E-002
  -1.4176284842600769E-002
  -1.7486929136455307E-002
  -2.2146155608108422E-002
  -2.8625693238028247E-002
  -3.6966856694896855E-002
  -4.6777035477792286E-002
  -5.7422709990098672E-002
  -6.8289594909318546E-002
  -7.8935795792359376E-002
  -8.9065305947532925E-002
  -9.8406694569162387E-002
 -0.10664264782157187     
 -0.11345164684206460     
 -0.11859074837475782     
 -0.12190059038802237     
 -0.12319193793085786     
 -0.12210233885146780     
 -0.11807958567559169     
 -0.11059489486201692     
  -9.9529736541940528E-002
  -8.5506233525530981E-002
  -6.9889614276771442E-002
  -5.4383178670275673E-002
  -4.0449019942592666E-002
  -2.8925453964020222E-002
  -2.0022251545366673E-002
  -1.3561954355788185E-002
  -9.2112814655874366E-003
  -6.5668697237388895E-003
  -5.1382466329888063E-003
  -4.3411598289001757E-003
  -3.5615742972050250E-003
  -2.2583618378380376E-003
  -2.7153670290162488E-005
   3.4185049525855982E-003
   8.3136953617485368E-003
   1.4868388213690669E-002
   2.3189464960281663E-002
   3.3125639832609882E-002
   4.4154688068937645E-002
   5.5444231949302591E-002
   6.6111397440751909E-002
   7.5546070017106101E-002
   8.3589479029426206E-002
   9.0458134196252774E-002
   9.6488243670880797E-002
  0.10188261026552931     
  0.10660289019851414     
  0.11042884762001685     
  0.11309781575858845     
  0.11439940812505577     
  0.11414845136095404     
  0.11206450255477582     
  0.10768093895909980     
  0.10042457480583902     
   8.9919749259263354E-002
   7.6394198842574548E-002
   6.0896480891525204E-002
   4.5073150126986920E-002
   3.0578290359271579E-002
   1.8511570908516510E-002
   9.2283246125550653E-003
   2.5123732803598369E-003
  -2.1374421736499796E-003
  -5.3063830205815473E-003
  -7.5789588791950078E-003
  -9.5049326146201887E-003
  -1.1563407129791699E-002
  -1.4127150228598952E-002
  -1.7459419830991439E-002
  -2.1756792810889988E-002
  -2.7205601426795328E-002
  -3.3991899092507535E-002
  -4.2228447401629093E-002
  -5.1829025930489096E-002
  -6.2422197898900827E-002
  -7.3395026760685933E-002
  -8.4070428582157311E-002
  -9.3906721291713680E-002
 -0.10257496174385841     
 -0.10986778609508024     
 -0.11553441387614985     
 -0.11918634784503354     
 -0.12034417851614151     
 -0.11857938294948850     
 -0.11364500437110753     
 -0.10552547539245447     
  -9.4430853449170724E-002
  -8.0820904526131249E-002
  -6.5491082413297000E-002
  -4.9621087597662997E-002
  -3.4637502633833479E-002
  -2.1877095414924639E-002
  -1.2223579106109808E-002
  -5.9146910497686733E-003
  -2.5772216721945242E-003
  -1.4168848031806689E-003
  -1.4607057182978674E-003
  -1.7798446371973409E-003
  -1.6519849044151188E-003
  -6.4116831800729163E-004
   1.4137717186940009E-003
   4.4964555378491965E-003
   8.5651486689145070E-003
   1.3692599944759029E-002
   2.0104402787244922E-002
   2.8060530927583857E-002
   3.7622041188990207E-002
   4.8449679612880700E-002
   5.9799000753233397E-002
   7.0756794047824451E-002
   8.0579125452562794E-002
   8.8905918941324380E-002
   9.5729193431988560E-002
  0.10118705585515403     
  0.10536762601253670     
  0.10825681565143587     
  0.10981669584716058     
  0.11006549638224007     
  0.10903414015032421     
  0.10659095589286691     
  0.10227091118375983     
   9.5313028674313918E-002
   8.5024403676897869E-002
   7.1350912341177422E-002
   5.5277795104485168E-002
   3.8671191017646704E-002
   2.3554459148993873E-002
   1.1302861477220745E-002
   2.3046922493761223E-003
  -3.8071823791092640E-003
  -7.6935791809443765E-003
  -9.9914262128138424E-003
  -1.1252984443422617E-002
  -1.2019722819042868E-002
  -1.2861319236113241E-002
  -1.4312142976617301E-002
  -1.6762418719256083E-002
  -2.0403473827740812E-002
  -2.5271940588543200E-002
  -3.1351497755712485E-002
  -3.8645488558049917E-002
  -4.7159553569226485E-002
  -5.6807289125942351E-002
  -6.7313251582764660E-002
  -7.8186524762225901E-002
  -8.8784014255768193E-002
  -9.8427351336974486E-002
 -0.10651555461468251     
 -0.11258618899901529     
 -0.11630708450354872     
 -0.11741578666304117     
 -0.11565062104675490     
 -0.11072712747771093     
 -0.10240768592851568     
  -9.0684054221178617E-002
  -7.6022027546100268E-002
  -5.9517309983105511E-002
  -4.2782236121346288E-002
  -2.7531073859399881E-002
  -1.5073496252111166E-002
  -6.0080591043556210E-003
  -2.3635445547125298E-004
   2.8073859180904603E-003
   3.8906089289068514E-003
   3.7905657890035032E-003
   3.1922271137306522E-003
   2.6455794962131430E-003
   2.5544602727150790E-003
   3.1919773692589038E-003
   4.7497667953845420E-003
   7.4126668633270375E-003
   1.1416952241075322E-002
   1.7033770948468290E-002
   2.4451109839682135E-002
   3.3601737526034903E-002
   4.4050781066688326E-002
   5.5050449376146664E-002
   6.5769196432828109E-002
   7.5571224004460549E-002
   8.4172331009280663E-002
   9.1583680359275388E-002
   9.7906330429956376E-002
  0.10313033170384800     
  0.10706121117201788     
  0.10938663233008693     
  0.10979902801738889     
  0.10807206620553229     
  0.10405041512100914     
   9.7598933740600136E-002
   8.8603471894320426E-002
   7.7083933576644989E-002
   6.3380939586249532E-002
   4.8277364472688038E-002
   3.2919488697413478E-002
   1.8545570931874932E-002
   6.1843630741416885E-003
  -3.5175052456380175E-003
  -1.0322526397095827E-002
  -1.4367842580391161E-002
  -1.6124514710746714E-002
  -1.6329605187651076E-002
  -1.5851899496264213E-002
  -1.5502739231313093E-002
  -1.5864631446586452E-002
  -1.7226206002077738E-002
  -1.9663418837632469E-002
  -2.3215296701199463E-002
  -2.8027966791663136E-002
  -3.4349095473858088E-002
  -4.2357026939355003E-002
  -5.1937964732315239E-002
  -6.2583049384620434E-002
  -7.3506792856870409E-002
  -8.3922340889928282E-002
  -9.3276677207144235E-002
 -0.10127716877009804     
 -0.10771402238893740     
 -0.11224317386999363     
 -0.11430519423335647     
 -0.11323262968245955     
 -0.10846701681167092     
  -9.9771883841475673E-002
  -8.7379556140088743E-002
  -7.2055630148746871E-002
  -5.5053924783376555E-002
  -3.7924827636576487E-002
  -2.2206517282335213E-002
  -9.1196300570033050E-003
   6.2033190058698390E-004
   6.8533809488511401E-003
   9.9264719473500084E-003
   1.0565913522688141E-002
   9.6777541251717759E-003
   8.1248598602870533E-003
   6.5707079018509241E-003
   5.4517698763897320E-003
   5.0579485557457025E-003
   5.6383492057376795E-003
   7.4532119854916418E-003
   1.0746631905418184E-002
   1.5673189122213931E-002
   2.2235864510385225E-002
   3.0272169736537444E-002
   3.9483719965107120E-002
   4.9478999189544230E-002
   5.9807395300171151E-002
   6.9988080604822131E-002
   7.9549418401597405E-002
   8.8080718518406598E-002
   9.5274768658434941E-002
  0.10093375434503778     
  0.10493228439694749     
  0.10716026894667978     
  0.10747777936447839     
  0.10569722096175818     
  0.10158640453604616     
   9.4886936717677201E-002
   8.5370816235690761E-002
   7.2980740771964744E-002
   5.8059839594468227E-002
   4.1557912510719025E-002
   2.5001751812630479E-002
   1.0105181649252278E-002
  -1.8183206747997204E-003
  -1.0266449400297833E-002
  -1.5535590010333123E-002
  -1.8376493972041254E-002
  -1.9606659410136073E-002
  -1.9893637443358231E-002
  -1.9731904363646909E-002
  -1.9508273139169734E-002
  -1.9546548780783709E-002
  -2.0100683869105365E-002
  -2.1344818843959435E-002
  -2.3420533424131761E-002
  -2.6538268388091975E-002
  -3.1046667771450386E-002
  -3.7361365630481612E-002
  -4.5730199225863216E-002
  -5.5960170229806261E-002
  -6.7312230689760985E-002
  -7.8682186761972528E-002
  -8.8981182292320327E-002
  -9.7476650430674994E-002
 -0.10387851669066242     
 -0.10813369447561602     
 -0.11009191982750541     
 -0.10928978370757765     
 -0.10502101085173678     
  -9.6684619727078869E-002
  -8.4232565955572894E-002
  -6.8452523267180015E-002
  -5.0880632844945144E-002
  -3.3360523008087874E-002
  -1.7511818008182765E-002
  -4.4070029238800195E-003
   5.4601623682138216E-003
   1.2051304620934903E-002
   1.5657852672602630E-002
   1.6807813049020282E-002
   1.6166841809706504E-002
   1.4422306468323761E-002
   1.2190440875028267E-002
   9.9887196125184631E-003
   8.2680115459186007E-003
   7.4528326186069898E-003
   7.9378902302080119E-003
   1.0034698829021112E-002
   1.3910331972587758E-002
   1.9566714768340369E-002
   2.6868599782690971E-002
   3.5580519737099178E-002
   4.5366475428138056E-002
   5.5755138241457829E-002
   6.6134061616511530E-002
   7.5837789402542974E-002
   8.4316577159659609E-002
   9.1284184671393251E-002
   9.6735150980344131E-002
  0.10080468747967172     
  0.10354574246839983     
  0.10474606759569131     
  0.10388552772424685     
  0.10026508889361130     
   9.3263202850104573E-002
   8.2626108297839701E-002
   6.8684741127291032E-002
   5.2403038078243307E-002
   3.5207741378505152E-002
   1.8646302854319910E-002
   4.0248345649389651E-003
  -7.8119762117120194E-003
  -1.6511459675807205E-002
  -2.2130584769566281E-002
  -2.5036131184840677E-002
  -2.5818500839042760E-002
  -2.5198272958110675E-002
  -2.3909785809782737E-002
  -2.2581134671672550E-002
  -2.1653421826735748E-002
  -2.1376280169380361E-002
  -2.1884065158482839E-002
  -2.3311903873083028E-002
  -2.5879756611446168E-002
  -2.9881993904204752E-002
  -3.5571766193037389E-002
  -4.2998221616140739E-002
  -5.1900820809772846E-002
  -6.1745478815377348E-002
  -7.1888647966327157E-002
  -8.1744835949099981E-002
  -9.0823713316145013E-002
  -9.8620758761948576E-002
 -0.10447895453405137     
 -0.10756424848682117     
 -0.10700734367028604     
 -0.10215427287015115     
  -9.2823891342591600E-002
  -7.9485420399681858E-002
  -6.3281434071498763E-002
  -4.5831017760197143E-002
  -2.8832936628971215E-002
  -1.3643122591135103E-002
  -1.0520171461630349E-003
   8.6677090652469199E-003
   1.5571738810272438E-002
   1.9880460020904586E-002
   2.1904926771707311E-002
   2.2028812474040552E-002
   2.0696641489302628E-002
   1.8393662641585949E-002
   1.5630678170438589E-002
   1.2941318251290303E-002
   1.0875250333128474E-002
   9.9611275623507807E-003
   1.0633248142536010E-002
   1.3151154214641464E-002
   1.7561024611840545E-002
   2.3729678825917918E-002
   3.1430812216992218E-002
   4.0414529349131416E-002
   5.0394052110619279E-002
   6.0954065262416930E-002
   7.1472927282167087E-002
   8.1169116877865710E-002
   8.9294376564811123E-002
   9.5367570706077945E-002
   9.9288203164219227E-002
  0.10123874793396795     
  0.10142369487650015     
   9.9797483401247625E-002
   9.5943762319435147E-002
   8.9194668474343874E-002
   7.8966764283450563E-002
   6.5182056430948682E-002
   4.8567738207828136E-002
   3.0631484458835276E-002
   1.3252302124788869E-002
  -1.9194727886540528E-003
  -1.3905149716324519E-002
  -2.2467941077376267E-002
  -2.7888685277311170E-002
  -3.0681963753242204E-002
  -3.1416922911419516E-002
  -3.0660251278689245E-002
  -2.8977059606917117E-002
  -2.6926418592543709E-002
  -2.5028059667392001E-002
  -2.3714275308494379E-002
  -2.3295370170803499E-002
  -2.3958785268116043E-002
  -2.5805508192603546E-002
  -2.8911595407708119E-002
  -3.3385109090710824E-002
  -3.9372840420908529E-002
  -4.6978756386418380E-002
  -5.6106688115148774E-002
  -6.6312655523673561E-002
  -7.6783616964442969E-002
  -8.6496802378485421E-002
  -9.4482602545905459E-002
 -0.10002109738357061     
 -0.10264544926049642     
 -0.10198571507529268     
  -9.7632338860993734E-002
  -8.9205143588038396E-002
  -7.6661761583320928E-002
  -6.0660290415064301E-002
  -4.2670796815920974E-002
  -2.4657206533606833E-002
  -8.4742306984642354E-003
   4.6485591153784065E-003
   1.4263547878386955E-002
   2.0534380701374300E-002
   2.3960631737559610E-002
   2.5174746471518673E-002
   2.4837354655658655E-002
   2.3567803637766845E-002
   2.1865003347697559E-002
   2.0042885509734949E-002
   1.8242654064091375E-002
   1.6546106714146445E-002
   1.5130515108226208E-002
   1.4357659270792369E-002
   1.4730261576236600E-002
   1.6745903155737176E-002
   2.0747312832205638E-002
   2.6851055472716785E-002
   3.4952516976281670E-002
   4.4736642935967290E-002
   5.5646255556877827E-002
   6.6855776387879692E-002
   7.7357760442274062E-002
   8.6203986685805187E-002
   9.2795188766548964E-002
   9.7025140889074948E-002
   9.9151094289437858E-002
   9.9443333770962899E-002
   9.7827652780106453E-002
   9.3759749115643928E-002
   8.6446077208338037E-002
   7.5329743947485261E-002
   6.0587629944444485E-002
   4.3321639803677481E-002
   2.5267172669875885E-002
   8.1772188964433674E-003
  -6.6964339444069206E-003
  -1.8720957970287024E-002
  -2.7685680466241348E-002
  -3.3599483212750733E-002
  -3.6657078286849214E-002
  -3.7296782336262595E-002
  -3.6185005251972303E-002
  -3.4070893329293368E-002
  -3.1599542180341389E-002
  -2.9212417138835278E-002
  -2.7186992374071760E-002
  -2.5756876849495861E-002
  -2.5200506896581522E-002
  -2.5828338614502021E-002
  -2.7894010140088073E-002
  -3.1517740720226659E-002
  -3.6687597628498256E-002
  -4.3322724920489220E-002
  -5.1316312472059228E-002
  -6.0483359994519842E-002
  -7.0420382320325561E-002
  -8.0379896096780409E-002
  -8.9286180050314259E-002
  -9.5933452934413133E-002
  -9.9273610266827628E-002
  -9.8634105045539835E-002
  -9.3770491239831444E-002
  -8.4797068697544525E-002
  -7.2128534509613151E-002
  -5.6521714758759549E-002
  -3.9157874203217001E-002
  -2.1591822674428839E-002
  -5.4609396030496204E-003
   7.9346257006096613E-003
   1.7932478061770583E-002
   2.4538084658619022E-002
   2.8234003880750223E-002
   2.9714790639733105E-002
   2.9659872701577945E-002
   2.8592765769106354E-002
   2.6842257737272758E-002
   2.4602913618824516E-002
   2.2060624472501997E-002
   1.9513082238544519E-002
   1.7408791491199196E-002
   1.6270063484448205E-002
   1.6537417684766298E-002
   1.8430858083309382E-002
   2.1923705041227540E-002
   2.6853054774291951E-002
   3.3086218180483420E-002
   4.0604674625941743E-002
   4.9416496396194831E-002
   5.9341479148942035E-002
   6.9828946487382346E-002
   7.9966592333973380E-002
   8.8706902191016970E-002
   9.5173199826291535E-002
   9.8847576550487620E-002
   9.9539344866977811E-002
   9.7198086728156052E-002
   9.1736485313638344E-002
   8.3007917863741704E-002
   7.0974987154091507E-002
   5.5971921590047727E-002
   3.8876701947044456E-002
   2.1038210052339031E-002
   3.9595801712030976E-003
  -1.1088379004580961E-002
  -2.3312894620695405E-002
  -3.2419163024752347E-002
  -3.8477716637832622E-002
  -4.1770975597129376E-002
  -4.2701754390490169E-002
  -4.1765672753349449E-002
  -3.9540333568517112E-002
  -3.6644922006148856E-002
  -3.3661218766557970E-002
  -3.1049576615617584E-002
  -2.9107462587909718E-002
  -2.7993959139284725E-002
  -2.7803943094617960E-002
  -2.8650507680377055E-002
  -3.0714129887369577E-002
  -3.4233564994096861E-002
  -3.9433612449359313E-002
  -4.6403193064710489E-002
  -5.4958405509378742E-002
  -6.4550849032268626E-002
  -7.4287434375951172E-002
  -8.3078702705034368E-002
  -8.9844524195315911E-002
  -9.3665127140311902E-002
  -9.3830152106626097E-002
  -8.9849267091672486E-002
  -8.1527095600843424E-002
  -6.9124355407829366E-002
  -5.3496691675558906E-002
  -3.6057513520077140E-002
  -1.8515441371085285E-002
  -2.4921457932768863E-003
   1.0815875081365414E-002
   2.0823113859461888E-002
   2.7556915077643948E-002
   3.1496696651842432E-002
   3.3318426674868395E-002
   3.3649132802624056E-002
   3.2927565959130115E-002
   3.1405204130161769E-002
   2.9246737353788643E-002
   2.6648987029659312E-002
   2.3909068513924488E-002
   2.1418275169739133E-002
   1.9603242621041916E-002
   1.8855094614781062E-002
   1.9478413529897400E-002
   2.1670363145169357E-002
   2.5522096693560020E-002
   3.1025997909874838E-002
   3.8072459523058669E-002
   4.6428150439669809E-002
   5.5704436348925863E-002
   6.5343660931034858E-002
   7.4655782486319933E-002
   8.2913813167187739E-002
   8.9471943735656340E-002
   9.3839088374313581E-002
   9.5656160757203956E-002
   9.4589392982957779E-002
   9.0228990097410977E-002
   8.2119794735560123E-002
   7.0001223600118970E-002
   5.4181528820598707E-002
   3.5790638643742587E-002
   1.6637929964514291E-002
  -1.3296971132212992E-003
  -1.6630672463873342E-002
  -2.8538437735019143E-002
  -3.6988393813592917E-002
  -4.2315272848451997E-002
  -4.5043525098859200E-002
  -4.5786433999310129E-002
  -4.5180316839894957E-002
  -4.3783474950453385E-002
  -4.1957765088786493E-002
  -3.9820685008318576E-002
  -3.7339910974629124E-002
  -3.4547007626732129E-002
  -3.1741757224141187E-002
  -2.9532873930634751E-002
  -2.8657060618375658E-002
  -2.9676995988741395E-002
  -3.2754372492001319E-002
  -3.7645937421526367E-002
  -4.3910739226357721E-002
  -5.1159001382031402E-002
  -5.9135517018093817E-002
  -6.7558750322488592E-002
  -7.5846945530019055E-002
  -8.2977544756875757E-002
  -8.7634656793058624E-002
  -8.8580196261343544E-002
  -8.5031961167851264E-002
  -7.6862846882415375E-002
  -6.4592317442976124E-002
  -4.9266380582884572E-002
  -3.2311311729928731E-002
  -1.5349620390120410E-002
   6.9958442543733602E-005
   1.2794199150913607E-002
   2.2305943931825483E-002
   2.8755989360189121E-002
   3.2763499430131675E-002
   3.5079509513270185E-002
   3.6271514052264135E-002
   3.6572333676484575E-002
   3.5947706484015358E-002
   3.4315585450520818E-002
   3.1769126921095840E-002
   2.8669530666207144E-002
   2.5571919923295355E-002
   2.3055974313523988E-002
   2.1578014532834033E-002
   2.1420020237669798E-002
   2.2727703212662737E-002
   2.5573436541878419E-002
   2.9984624434649838E-002
   3.5923053759362319E-002
   4.3240668801360911E-002
   5.1644327720073671E-002
   6.0684225556830701E-002
   6.9765377775350787E-002
   7.8182568532443319E-002
   8.5182801885315365E-002
   9.0048228934572108E-002
   9.2173018145482025E-002
   9.1103312857223534E-002
   8.6533792187029487E-002
   7.8295947744821695E-002
   6.6400426384365441E-002
   5.1171850346453163E-002
   3.3426221442066875E-002
   1.4539538219553009E-002
  -3.7452438816106132E-003
  -1.9762638337460229E-002
  -3.2396284256723071E-002
  -4.1306103751680277E-002
  -4.6817933664842715E-002
  -4.9607890201220479E-002
  -5.0392080910415443E-002
  -4.9753933572286912E-002
  -4.8119406624460681E-002
  -4.5813703443888819E-002
  -4.3122744637132338E-002
  -4.0318884521808727E-002
  -3.7656218344171717E-002
  -3.5362154405713123E-002
  -3.3641590404073579E-002
  -3.2689562286870075E-002
  -3.2700815545660122E-002
  -3.3871723657700976E-002
  -3.6394606375631793E-002
  -4.0435068972648300E-002
  -4.6070494778358173E-002
  -5.3178489136977314E-002
  -6.1307889806076141E-002
  -6.9608633864049627E-002
  -7.6886609892975827E-002
  -8.1783907912302028E-002
  -8.3033046739603725E-002
  -7.9739751969419015E-002
  -7.1657303960342214E-002
  -5.9361307764812722E-002
  -4.4181086175174480E-002
  -2.7836972317177553E-002
  -1.1952582007761203E-002
   2.2860566487343144E-003
   1.4204422069259899E-002
   2.3544234202663467E-002
   3.0347397074515274E-002
   3.4870816433409002E-002
   3.7503027959446052E-002
   3.8662931307191173E-002
   3.8709371829469118E-002
   3.7905968430786884E-002
   3.6452029265599234E-002
   3.4542065373013402E-002
   3.2397651243059468E-002
   3.0245646284539657E-002
   2.8273456208269904E-002
   2.6623341640417908E-002
   2.5458380401749921E-002
   2.5061610012698212E-002
   2.5877573224029331E-002
   2.8421914206490786E-002
   3.3068549587891183E-002
   3.9821483536006452E-002
   4.8215427059135056E-002
   5.7422248042386659E-002
   6.6502582546811018E-002
   7.4640398789165660E-002
   8.1225117846589145E-002
   8.5778393942713846E-002
   8.7837633228161488E-002
   8.6911826927290076E-002
   8.2542711896747209E-002
   7.4431407424085314E-002
   6.2581911251529287E-002
   4.7433773713777348E-002
   2.9941717491764767E-002
   1.1517049824446698E-002
  -6.2289591389953032E-003
  -2.1864588605842068E-002
  -3.4451293465697939E-002
  -4.3652414333924972E-002
  -4.9647766939036407E-002
  -5.2950737124528295E-002
  -5.4208301354185126E-002
  -5.4025028774190222E-002
  -5.2842107246233068E-002
  -5.0903514144817710E-002
  -4.8320055679020063E-002
  -4.5198423926765582E-002
  -4.1766177681736100E-002
  -3.8421415473463685E-002
  -3.5672937321174554E-002
  -3.3995960834550872E-002
  -3.3679041699314349E-002
  -3.4750311139759231E-002
  -3.7033992296674402E-002
  -4.0313213248880840E-002
  -4.4496138228460158E-002
  -4.9650056633887184E-002
  -5.5825245924407775E-002
  -6.2730948519197527E-002
  -6.9472161387950884E-002
  -7.4585421278475644E-002
  -7.6447729419323804E-002
  -7.3863945997450761E-002
  -6.6497452452566080E-002
  -5.4933814680501715E-002
  -4.0425803290461110E-002
  -2.4522475999432601E-002
  -8.7542365925007432E-003
   5.5734568598715993E-003
   1.7510381572416821E-002
   2.6552809722961909E-002
   3.2687028627644901E-002
   3.6341610745115480E-002
   3.8220595491741116E-002
   3.9051883029098740E-002
   3.9350913755171808E-002
   3.9312336289119273E-002
   3.8876285898566253E-002
   3.7910072281454377E-002
   3.6380009994470767E-002
   3.4414136590560453E-002
   3.2252959766403910E-002
   3.0171685050881577E-002
   2.8460301666741947E-002
   2.7467171571422911E-002
   2.7625340623294466E-002
   2.9376204877856912E-002
   3.2996169431865674E-002
   3.8438443896815992E-002
   4.5317826223505706E-002
   5.3060235015148810E-002
   6.1096414648253480E-002
   6.8934117113802471E-002
   7.6050796359630926E-002
   8.1721388972968212E-002
   8.4973916567834679E-002
   8.4774087180862309E-002
   8.0360294982697811E-002
   7.1534787283234910E-002
   5.8751499358839006E-002
   4.2986590353723916E-002
   2.5508669288001065E-002
   7.6757010115854601E-003
  -9.2128062527022554E-003
  -2.4061402899659357E-002
  -3.6142439179676328E-002
  -4.5205626149532711E-002
  -5.1443054020099445E-002
  -5.5308946787317591E-002
  -5.7293608401294910E-002
  -5.7771272297183436E-002
  -5.6981507883532220E-002
  -5.5115892257288690E-002
  -5.2421146209973145E-002
  -4.9233795878148370E-002
  -4.5925258007877244E-002
  -4.2809376045313118E-002
  -4.0090551191659302E-002
  -3.7894108630052901E-002
  -3.6352990155621941E-002
  -3.5678887216884073E-002
  -3.6156641281763699E-002
  -3.8055431076775871E-002
  -4.1500918427078308E-002
  -4.6365760454735443E-002
  -5.2218029515702945E-002
  -5.8339566317094436E-002
  -6.3801023278999350E-002
  -6.7567440200232878E-002
  -6.8621678119097113E-002
  -6.6124837256015576E-002
  -5.9635000593894892E-002
  -4.9335582356949452E-002
  -3.6126244800854197E-002
  -2.1437006819759515E-002
  -6.8059061788800614E-003
   6.5430523990986662E-003
   1.7895042140143119E-002
   2.6986050537049552E-002
   3.3829623671957396E-002
   3.8570921888766201E-002
   4.1420673245864542E-002
   4.2647834816173701E-002
   4.2587857730360806E-002
   4.1633827930877804E-002
   4.0196481144910548E-002
   3.8637731442148798E-002
   3.7199718630179103E-002
   3.5962491527704879E-002
   3.4860632817855473E-002
   3.3769203090493742E-002
   3.2636140930523500E-002
   3.1603562136465875E-002
   3.1046857639853001E-002
   3.1490579603591536E-002
   3.3427455751638573E-002
   3.7127011302631255E-002
   4.2527619173510764E-002
   4.9254878541372858E-002
   5.6733114994275975E-002
   6.4302427736035769E-002
   7.1261296281261155E-002
   7.6828696781027606E-002
   8.0106385460888205E-002
   8.0145598362487191E-002
   7.6157646194332934E-002
   6.7801430380399041E-002
   5.5402955879875329E-002
   3.9961708499010887E-002
   2.2896275067709516E-002
   5.6445821324486020E-003
  -1.0654366964324695E-002
  -2.5236271931634666E-002
  -3.7590885175358177E-002
  -4.7336969920014231E-002
  -5.4236199901026495E-002
  -5.8321814309641208E-002
  -5.9994963497762871E-002
  -5.9954842749938848E-002
  -5.8957141315278745E-002
  -5.7535892183709164E-002
  -5.5862921771336733E-002
  -5.3826135422667412E-002
  -5.1259912042104151E-002
  -4.8169094649006580E-002
  -4.4810948180521198E-002
  -4.1611398227308055E-002
  -3.9006048059098075E-002
  -3.7327827603449319E-002
  -3.6796121364145798E-002
  -3.7562259006592907E-002
  -3.9720561949978188E-002
  -4.3236505959191339E-002
  -4.7828626635828854E-002
  -5.2891719248662483E-002
  -5.7529556462475852E-002
  -6.0700191846871872E-002
  -6.1416238395180303E-002
  -5.8929255002837369E-002
  -5.2870321703624983E-002
  -4.3364839120868796E-002
  -3.1112613702558224E-002
  -1.7342449603321951E-002
  -3.5486928593089946E-003
   8.9321032187222853E-003
   1.9283577667301658E-002
   2.7311816333873636E-002
   3.3278222458065360E-002
   3.7617160638233296E-002
   4.0708277141587812E-002
   4.2784149303823425E-002
   4.3955540355430617E-002
   4.4285507776723111E-002
   4.3849429544012171E-002
   4.2758102272969410E-002
   4.1157758170586305E-002
   3.9228507729384306E-002
   3.7186003427863504E-002
   3.5275040637864789E-002
   3.3747098454060133E-002
   3.2831362275209039E-002
   3.2718220925388723E-002
   3.3561189060092166E-002
   3.5479573219310091E-002
   3.8537722546252692E-002
   4.2700488975689482E-002
   4.7797697794356872E-002
   5.3532343500870078E-002
   5.9521942494388566E-002
   6.5312776039724199E-002
   7.0320233862509948E-002
   7.3734196721387452E-002
   7.4511655023273074E-002
   7.1571594454884271E-002
   6.4185619780938979E-002
   5.2385160302992249E-002
   3.7116620961899618E-002
   1.9991181551962917E-002
   2.7528075591825652E-003
  -1.3212260042910120E-002
  -2.7074939554874278E-002
  -3.8480886778026142E-002
  -4.7373712023001668E-002
  -5.3878674493909713E-002
  -5.8261159939016233E-002
  -6.0888181672407990E-002
  -6.2144305324520990E-002
  -6.2328763930704648E-002
  -6.1604561380445684E-002
  -6.0042640814704500E-002
  -5.7729396398614845E-002
  -5.4850989496776650E-002
  -5.1685767732501831E-002
  -4.8515472959106277E-002
  -4.5538871178989256E-002
  -4.2871699935754175E-002
  -4.0638331766659389E-002
  -3.9068126751354938E-002
  -3.8487371086351321E-002
  -3.9174131723810908E-002
  -4.1161673535934883E-002
  -4.4136830270576709E-002
  -4.7515581985252311E-002
  -5.0623467340804328E-002
  -5.2806303890491638E-002
  -5.3377090902611543E-002
  -5.1521605281095298E-002
  -4.6416802723672677E-002
  -3.7667719811156131E-002
  -2.5801219790528195E-002
  -1.2337210529629692E-002
   7.7115528597414902E-004
   1.1979433481622554E-002
   2.0688677991975376E-002
   2.7192666690531747E-002
   3.2207775157807567E-002
   3.6358020436588735E-002
   3.9894533272780475E-002
   4.2717693858710645E-002
   4.4595111897985304E-002
   4.5399392221572826E-002
   4.5227169663785927E-002
   4.4360572807201022E-002
   4.3130310325845342E-002
   4.1782212250142656E-002
   4.0422450608277413E-002
   3.9054318891006030E-002
   3.7669728828387268E-002
   3.6344002130278698E-002
   3.5293316183263181E-002
   3.4871299319100976E-002
   3.5496620343621450E-002
   3.7521868402182322E-002
   4.1081748740772542E-002
   4.5986072447554996E-002
   5.1720477430528447E-002
   5.7563719442386953E-002
   6.2752909654067809E-002
   6.6596694378037377E-002
   6.8488985888875475E-002
   6.7868688690359405E-002
   6.4220945939134161E-002
   5.7182206361103570E-002
   4.6723890779529910E-002
   3.3309755188934566E-002
   1.7905111547878778E-002
   1.7886780683769772E-003
  -1.3753086695379347E-002
  -2.7688894294402498E-002
  -3.9355191147480137E-002
  -4.8441751311010688E-002
  -5.4942882114888021E-002
  -5.9122494680169085E-002
  -6.1462744349872242E-002
  -6.2547732464413489E-002
  -6.2888907575565867E-002
  -6.2768087462561808E-002
  -6.2191649371841268E-002
  -6.0993756088276688E-002
  -5.9030540780157466E-002
  -5.6340376955853075E-002
  -5.3168180045964901E-002
  -4.9855585815853962E-002
  -4.6698299798190096E-002
  -4.3883537927972643E-002
  -4.1541681537643566E-002
  -3.9845178296309951E-002
  -3.9041666796482459E-002
  -3.9354940410092673E-002
  -4.0795781010011828E-002
  -4.3007925978437576E-002
  -4.5263799826050444E-002
  -4.6632306257491811E-002
  -4.6236230612442399E-002
  -4.3468392102036076E-002
  -3.8081207053824860E-002
  -3.0175180447436886E-002
  -2.0179901172745238E-002
  -8.8617275103663462E-003
   2.7262151332922255E-003
   1.3451314867964316E-002
   2.2428619410145647E-002
   2.9284079028198916E-002
   3.4182245087829827E-002
   3.7611873831092907E-002
   4.0082719743482383E-002
   4.1915873342645620E-002
   4.3216799499776144E-002
   4.3992283285725811E-002
   4.4291962076527060E-002
   4.4261712405133581E-002
   4.4076871383844592E-002
   4.3819995218515151E-002
   4.3412659490746595E-002
   4.2671777198220920E-002
   4.1466358418646689E-002
   3.9872494677684216E-002
   3.8223513786210590E-002
   3.7025430909881356E-002
   3.6791975530635422E-002
   3.7886614569450430E-002
   4.0430334138835504E-002
   4.4279768512500282E-002
   4.9046515858210536E-002
   5.4135059523134431E-002
   5.8803286996630275E-002
   6.2256628222854500E-002
   6.3760610071044693E-002
   6.2729640623937627E-002
   5.8764748568789896E-002
   5.1666832656974637E-002
   4.1486807878362585E-002
   2.8633410681131257E-002
   1.3961239901737820E-002
  -1.2936198797814289E-003
  -1.5788451284845659E-002
  -2.8454840210439099E-002
  -3.8778866052525784E-002
  -4.6827633133801769E-002
  -5.3029654262956590E-002
  -5.7855778552953055E-002
  -6.1578759990847394E-002
  -6.4215970622694352E-002
  -6.5644260246648378E-002
  -6.5787833411453320E-002
  -6.4758121525966286E-002
  -6.2869017470892768E-002
  -6.0529992843449530E-002
  -5.8087258651707906E-002
  -5.5704698371926334E-002
  -5.3347634081267831E-002
  -5.0874427157887696E-002
  -4.8183450619806327E-002
  -4.5334723754009806E-002
  -4.2581158988407163E-002
  -4.0292022215427936E-002
  -3.8801678928176431E-002
  -3.8248402383613225E-002
  -3.8472714146732312E-002
  -3.9017514754962623E-002
  -3.9220753455292606E-002
  -3.8351210100370924E-002
  -3.5745419585195955E-002
  -3.0943354330903606E-002
  -2.3830820609327757E-002
  -1.4750378412842147E-002
  -4.4961705521320613E-003
   5.8646274078598716E-003
   1.5304026411033737E-002
   2.3146485198360670E-002
   2.9228637863282142E-002
   3.3823006086205400E-002
   3.7378261381739768E-002
   4.0238530814376991E-002
   4.2504248110077053E-002
   4.4090116608389823E-002
   4.4905821992578934E-002
   4.5016918249835128E-002
   4.4672003973229714E-002
   4.4185806259736511E-002
   4.3773587892638022E-002
   4.3461025913618577E-002
   4.3127574205979187E-002
   4.2639709747246519E-002
   4.1972433412976906E-002
   4.1239640453474509E-002
   4.0633161099958265E-002
   4.0342358080321682E-002
   4.0530229463884168E-002
   4.1371603558045408E-002
   4.3076669429945799E-002
   4.5809628749830189E-002
   4.9494032477609251E-002
   5.3618106140101068E-002
   5.7211375491893549E-002
   5.9078841762532565E-002
   5.8188317242513464E-002
   5.3981142755968006E-002
   4.6453503977510295E-002
   3.6051743179623549E-002
   2.3527382936552724E-002
   9.8286313206572013E-003
  -4.0098373861589161E-003
  -1.7031005090917602E-002
  -2.8539519283931915E-002
  -3.8208053000311729E-002
  -4.6046808487360945E-002
  -5.2268064469986268E-002
  -5.7131004375230623E-002
  -6.0838758554678976E-002
  -6.3510704807371476E-002
  -6.5209242988528343E-002
  -6.5983795239459964E-002
  -6.5904464737968460E-002
  -6.5076014032810020E-002
  -6.3633156901675605E-002
  -6.1719319725564922E-002
  -5.9453398614679950E-002
  -5.6899024734021843E-002
  -5.4060990119977941E-002
  -5.0928533464046126E-002
  -4.7557300579817205E-002
  -4.4142106763063807E-002
  -4.1012061573174045E-002
  -3.8510456833852291E-002
  -3.6800531679059181E-002
  -3.5709655936505998E-002
  -3.4725964966185102E-002
  -3.3181486532511670E-002
  -3.0536729210657799E-002
  -2.6593427783070261E-002
  -2.1486908165990748E-002
  -1.5475756212609233E-002
  -8.7291090792302097E-003
  -1.3106019771497034E-003
   6.6471835087259295E-003
   1.4774516831211761E-002
   2.2482021702514305E-002
   2.9163151051459221E-002
   3.4430011678488512E-002
   3.8228616551782786E-002
   4.0786943681151551E-002
   4.2457699605979081E-002
   4.3560223172560385E-002
   4.4299106460604115E-002
   4.4772516095821766E-002
   4.5025817634020325E-002
   4.5092660469891681E-002
   4.4998200852603976E-002
   4.4743748708591609E-002
   4.4310007077237722E-002
   4.3694782736067729E-002
   4.2961636051247837E-002
   4.2255277991678650E-002
   4.1759926612038541E-002
   4.1624951913708179E-002
   4.1916200975059263E-002
   4.2634451433875134E-002
   4.3778477658531781E-002
   4.5372211542871708E-002
   4.7387310702896146E-002
   4.9585747554091002E-002
   5.1409475051356707E-002
   5.2047870823451373E-002
   5.0686589190604966E-002
   4.6789145979459115E-002
   4.0234844030226251E-002
   3.1263984939725063E-002
   2.0337991486843173E-002
   8.0571316114913111E-003
  -4.8329164166520189E-003
  -1.7447089402929442E-002
  -2.8889884124795477E-002
  -3.8494036571127904E-002
  -4.6028393932369432E-002
  -5.1723772804552912E-002
  -5.6078589615162266E-002
  -5.9555598689678003E-002
  -6.2359516760949085E-002
  -6.4430321367413293E-002
  -6.5629310765272536E-002
  -6.5953701747932858E-002
  -6.5606175391606805E-002
  -6.4871727758889622E-002
  -6.3907243123989335E-002
  -6.2614792382796658E-002
  -6.0708821488046037E-002
  -5.7942822911891269E-002
  -5.4332728239935991E-002
  -5.0206625370859861E-002
  -4.6040542894590405E-002
  -4.2201902681836968E-002
  -3.8783339839429977E-002
  -3.5630829400725129E-002
  -3.2518715299695244E-002
  -2.9313461346785107E-002
  -2.5988062821250605E-002
  -2.2493605015248136E-002
  -1.8638027392553130E-002
  -1.4123276676710605E-002
  -8.7389022980733609E-003
  -2.5483619670786011E-003
   4.0982947645125216E-003
   1.0729749202617945E-002
   1.6951402301126697E-002
   2.2541080158128800E-002
   2.7429221624443716E-002
   3.1636218833112628E-002
   3.5227902230230645E-002
   3.8293084904744382E-002
   4.0916920668471010E-002
   4.3140622608443147E-002
   4.4930883551177365E-002
   4.6191629282932162E-002
   4.6824836393478342E-002
   4.6808484553554713E-002
   4.6243019110622514E-002
   4.5338431314982143E-002
   4.4353783476219398E-002
   4.3525484176661355E-002
   4.3013585268637078E-002
   4.2872406156994551E-002
   4.3041011496502447E-002
   4.3360254272423002E-002
   4.3635802187271769E-002
   4.3749273426029862E-002
   4.3766253811901967E-002
   4.3942314582529479E-002
   4.4553360385172540E-002
   4.5600090044523145E-002
   4.6582451868626952E-002
   4.6561866854251129E-002
   4.4548501219108402E-002
   3.9985292156470904E-002
   3.2993206066220485E-002
   2.4216814814887504E-002
   1.4420537002419645E-002
   4.1567829137329673E-003
  -6.2806194683585866E-003
  -1.6670878225831565E-002
  -2.6678065140485565E-002
  -3.5839917707883577E-002
  -4.3725481774585524E-002
  -5.0115512658636972E-002
  -5.5066401432875625E-002
  -5.8825341650107651E-002
  -6.1671226193897859E-002
  -6.3790619829188586E-002
  -6.5252000412135497E-002
  -6.6062203870426384E-002
  -6.6239663258874107E-002
  -6.5847073477904972E-002
  -6.4970903196930108E-002
  -6.3675997391118067E-002
  -6.1972662273042406E-002
  -5.9813180542428061E-002
  -5.7110666367171388E-002
  -5.3768459736946821E-002
  -4.9719345255446815E-002
  -4.4977596319889637E-002
  -3.9689218452859984E-002
  -3.4141658933427355E-002
  -2.8696272366222363E-002
  -2.3650522832394303E-002
  -1.9097764468470863E-002
  -1.4879909627055099E-002
  -1.0684098368591662E-002
  -6.2332429526054415E-003
  -1.4409615274295958E-003
   3.5743433576675338E-003
   8.6053130995599834E-003
   1.3490528630668935E-002
   1.8164559761808426E-002
   2.2611942206392434E-002
   2.6794270754668097E-002
   3.0622373213243046E-002
   3.3990851915097257E-002
   3.6839600091256468E-002
   3.9192087704036031E-002
   4.1142725588567755E-002
   4.2803606098179389E-002
   4.4246215657408286E-002
   4.5470848010990411E-002
   4.6414680482158355E-002
   4.6989266348186953E-002
   4.7129226821376193E-002
   4.6832917243328498E-002
   4.6179087484855504E-002
   4.5312052505418032E-002
   4.4401398999861230E-002
   4.3595040516804899E-002
   4.2988598819226585E-002
   4.2624759293002572E-002
   4.2514906086135291E-002
   4.2652934770123732E-002
   4.2987429625257735E-002
   4.3349307765451213E-002
   4.3387199291982037E-002
   4.2595297206074904E-002
   4.0474817938447996E-002
   3.6756053064286524E-002
   3.1519662970008924E-002
   2.5104671839512222E-002
   1.7864517818930014E-002
   9.9715875954589726E-003
   1.4315932230316007E-003
  -7.7137158240557493E-003
  -1.7176875475221703E-002
  -2.6395483075437556E-002
  -3.4725960714494207E-002
  -4.1727045970058711E-002
  -4.7335292770500276E-002
  -5.1824504529737865E-002
  -5.5595276820622638E-002
  -5.8938549673479036E-002
  -6.1909647077974181E-002
  -6.4363900633097854E-002
  -6.6101125719551165E-002
  -6.7007388867283621E-002
  -6.7104515297371187E-002
  -6.6497932410746335E-002
  -6.5286488973372192E-002
  -6.3511723047449953E-002
  -6.1176338078828843E-002
  -5.8294407943587444E-002
  -5.4905060560703149E-002
  -5.1016626059810700E-002
  -4.6524982185732269E-002
  -4.1203997188341245E-002
  -3.4841219820117009E-002
  -2.7481736706537203E-002
  -1.9611611774273889E-002
  -1.2081009786777994E-002
  -5.7245592196456772E-003
  -9.0341235221184165E-004
   2.6781585208031505E-003
   5.7181612934655516E-003
   8.8302537137759547E-003
   1.2219635305694979E-002
   1.5736005619742303E-002
   1.9170066780564952E-002
   2.2487198686287485E-002
   2.5811970332224213E-002
   2.9227728497798724E-002
   3.2607549174659918E-002
   3.5641689893300910E-002
   3.8042367826485665E-002
   3.9756302267301098E-002
   4.1015670928215571E-002
   4.2187536150830963E-002
   4.3528863072993758E-002
   4.5017950829312862E-002
   4.6377195217770797E-002
   4.7265805237488606E-002
   4.7501918520513976E-002
   4.7161818484597190E-002
   4.6504006230199867E-002
   4.5792311831393200E-002
   4.5149875285127657E-002
   4.4534819921939722E-002
   4.3831435559658800E-002
   4.2970513910949915E-002
   4.1982095472259673E-002
   4.0943758715509204E-002
   3.9867405844642927E-002
   3.8607166532871537E-002
   3.6850668121976113E-002
   3.4204236735950112E-002
   3.0336731111462442E-002
   2.5119885605120275E-002
   1.8698232488413097E-002
   1.1449034333440572E-002
   3.8477237671148408E-003
  -3.6969685925893800E-003
  -1.0961493271054218E-002
  -1.7925945950668661E-002
  -2.4685690618401888E-002
  -3.1307281717885133E-002
  -3.7719398034178800E-002
  -4.3712605176404504E-002
  -4.9046014116746701E-002
  -5.3578017705534095E-002
  -5.7320855143954783E-002
  -6.0382755601154060E-002
  -6.2852969489784596E-002
  -6.4726987644301612E-002
  -6.5930347156078664E-002
  -6.6414824163331818E-002
  -6.6238066630773196E-002
  -6.5547416193859467E-002
  -6.4466510453602438E-002
  -6.2966810330607387E-002
  -6.0825334955720949E-002
  -5.7709659895275281E-002
  -5.3339942070228206E-002
  -4.7623991621521658E-002
  -4.0687272194248177E-002
  -3.2807229206886390E-002
  -2.4334190375140528E-002
  -1.5668801868774274E-002
  -7.2803430673477896E-003
   3.1618571467498225E-004
   6.6705137872574123E-003
   1.1533351609437054E-002
   1.4910140446192263E-002
   1.7007732890065557E-002
   1.8156435247617342E-002
   1.8782530848471177E-002
   1.9404811175746314E-002
   2.0567644978136027E-002
   2.2676572155491771E-002
   2.5811156617699647E-002
   2.9645615034749568E-002
   3.3561692819733230E-002
   3.6921147236254052E-002
   3.9352714885790743E-002
   4.0884552890107680E-002
   4.1850938614865142E-002
   4.2653094817913378E-002
   4.3538190116062969E-002
   4.4521492877787019E-002
   4.5462420026337602E-002
   4.6206456071511783E-002
   4.6682511156727065E-002
   4.6901143074898281E-002
   4.6883449847623472E-002
